3.640000000000000000e+02
3.640000000000000000e+02
3.640000000000000000e+02
3.640000000000000000e+02
3.640000000000000000e+02
3.640000000000000000e+02
3.640000000000000000e+02
3.640000000000000000e+02
3.640000000000000000e+02
3.640000000000000000e+02
3.640000000000000000e+02
3.640000000000000000e+02
3.640000000000000000e+02
3.640000000000000000e+02
3.640000000000000000e+02
3.640000000000000000e+02
3.640000000000000000e+02
3.640000000000000000e+02
3.640000000000000000e+02
3.640000000000000000e+02
3.640000000000000000e+02
3.640000000000000000e+02
3.640000000000000000e+02
3.640000000000000000e+02
3.640000000000000000e+02
3.620000000000000000e+02
3.620000000000000000e+02
3.620000000000000000e+02
3.620000000000000000e+02
3.600000000000000000e+02
3.600000000000000000e+02
3.600000000000000000e+02
3.600000000000000000e+02
3.600000000000000000e+02
3.600000000000000000e+02
3.600000000000000000e+02
3.580000000000000000e+02
3.580000000000000000e+02
3.580000000000000000e+02
3.580000000000000000e+02
3.580000000000000000e+02
3.580000000000000000e+02
3.560000000000000000e+02
3.560000000000000000e+02
3.560000000000000000e+02
3.560000000000000000e+02
3.560000000000000000e+02
3.560000000000000000e+02
3.560000000000000000e+02
3.520000000000000000e+02
3.420000000000000000e+02
3.340000000000000000e+02
3.340000000000000000e+02
3.340000000000000000e+02
3.340000000000000000e+02
3.340000000000000000e+02
3.340000000000000000e+02
3.340000000000000000e+02
3.340000000000000000e+02
3.320000000000000000e+02
3.320000000000000000e+02
3.320000000000000000e+02
3.320000000000000000e+02
3.320000000000000000e+02
3.320000000000000000e+02
3.320000000000000000e+02
3.320000000000000000e+02
3.320000000000000000e+02
3.320000000000000000e+02
3.320000000000000000e+02
3.320000000000000000e+02
3.320000000000000000e+02
3.320000000000000000e+02
3.320000000000000000e+02
3.320000000000000000e+02
3.320000000000000000e+02
3.320000000000000000e+02
3.300000000000000000e+02
3.300000000000000000e+02
3.300000000000000000e+02
3.300000000000000000e+02
3.300000000000000000e+02
3.280000000000000000e+02
3.240000000000000000e+02
3.240000000000000000e+02
3.120000000000000000e+02
3.120000000000000000e+02
3.120000000000000000e+02
3.080000000000000000e+02
3.080000000000000000e+02
3.080000000000000000e+02
3.060000000000000000e+02
3.060000000000000000e+02
3.060000000000000000e+02
3.040000000000000000e+02
3.040000000000000000e+02
3.040000000000000000e+02
3.040000000000000000e+02
3.040000000000000000e+02
3.040000000000000000e+02
3.040000000000000000e+02
3.040000000000000000e+02
3.040000000000000000e+02
3.040000000000000000e+02
3.040000000000000000e+02
3.040000000000000000e+02
3.040000000000000000e+02
3.040000000000000000e+02
3.040000000000000000e+02
3.040000000000000000e+02
3.040000000000000000e+02
3.040000000000000000e+02
3.040000000000000000e+02
3.020000000000000000e+02
3.020000000000000000e+02
3.020000000000000000e+02
3.020000000000000000e+02
3.020000000000000000e+02
3.020000000000000000e+02
3.020000000000000000e+02
3.000000000000000000e+02
3.000000000000000000e+02
3.000000000000000000e+02
3.000000000000000000e+02
3.000000000000000000e+02
3.000000000000000000e+02
3.000000000000000000e+02
3.000000000000000000e+02
3.000000000000000000e+02
3.000000000000000000e+02
3.000000000000000000e+02
3.000000000000000000e+02
3.000000000000000000e+02
3.000000000000000000e+02
3.000000000000000000e+02
3.000000000000000000e+02
3.000000000000000000e+02
3.000000000000000000e+02
3.000000000000000000e+02
3.000000000000000000e+02
3.000000000000000000e+02
3.000000000000000000e+02
3.000000000000000000e+02
3.000000000000000000e+02
3.000000000000000000e+02
3.000000000000000000e+02
3.000000000000000000e+02
3.000000000000000000e+02
3.000000000000000000e+02
3.000000000000000000e+02
3.000000000000000000e+02
3.000000000000000000e+02
3.000000000000000000e+02
3.000000000000000000e+02
3.000000000000000000e+02
3.000000000000000000e+02
3.000000000000000000e+02
3.000000000000000000e+02
3.000000000000000000e+02
3.000000000000000000e+02
3.000000000000000000e+02
3.000000000000000000e+02
3.000000000000000000e+02
3.000000000000000000e+02
3.000000000000000000e+02
3.000000000000000000e+02
3.000000000000000000e+02
3.000000000000000000e+02
3.000000000000000000e+02
3.000000000000000000e+02
3.000000000000000000e+02
3.000000000000000000e+02
3.000000000000000000e+02
3.000000000000000000e+02
3.000000000000000000e+02
3.000000000000000000e+02
3.020000000000000000e+02
3.020000000000000000e+02
3.020000000000000000e+02
3.020000000000000000e+02
3.020000000000000000e+02
3.020000000000000000e+02
3.020000000000000000e+02
3.020000000000000000e+02
3.020000000000000000e+02
3.040000000000000000e+02
3.040000000000000000e+02
3.040000000000000000e+02
3.040000000000000000e+02
3.040000000000000000e+02
3.040000000000000000e+02
3.040000000000000000e+02
3.040000000000000000e+02
3.040000000000000000e+02
3.040000000000000000e+02
3.040000000000000000e+02
3.040000000000000000e+02
3.060000000000000000e+02
3.060000000000000000e+02
3.060000000000000000e+02
3.080000000000000000e+02
3.080000000000000000e+02
3.080000000000000000e+02
3.120000000000000000e+02
3.120000000000000000e+02
3.120000000000000000e+02
3.120000000000000000e+02
0.000000000000000000e+00
3.180000000000000000e+02
0.000000000000000000e+00
0.000000000000000000e+00
3.240000000000000000e+02
3.280000000000000000e+02
3.280000000000000000e+02
3.280000000000000000e+02
3.300000000000000000e+02
3.300000000000000000e+02
3.300000000000000000e+02
3.320000000000000000e+02
3.340000000000000000e+02
3.320000000000000000e+02
3.320000000000000000e+02
3.320000000000000000e+02
3.320000000000000000e+02
3.320000000000000000e+02
3.300000000000000000e+02
3.300000000000000000e+02
3.300000000000000000e+02
3.300000000000000000e+02
3.300000000000000000e+02
3.300000000000000000e+02
3.280000000000000000e+02
3.280000000000000000e+02
3.280000000000000000e+02
3.300000000000000000e+02
3.300000000000000000e+02
3.300000000000000000e+02
3.300000000000000000e+02
3.300000000000000000e+02
3.300000000000000000e+02
3.300000000000000000e+02
3.300000000000000000e+02
3.300000000000000000e+02
3.320000000000000000e+02
3.320000000000000000e+02
3.320000000000000000e+02
3.320000000000000000e+02
3.320000000000000000e+02
3.320000000000000000e+02
3.320000000000000000e+02
3.320000000000000000e+02
3.360000000000000000e+02
3.360000000000000000e+02
3.360000000000000000e+02
3.360000000000000000e+02
3.360000000000000000e+02
3.360000000000000000e+02
3.360000000000000000e+02
3.360000000000000000e+02
3.360000000000000000e+02
3.360000000000000000e+02
3.360000000000000000e+02
3.360000000000000000e+02
3.360000000000000000e+02
3.360000000000000000e+02
3.360000000000000000e+02
3.360000000000000000e+02
3.360000000000000000e+02
3.360000000000000000e+02
3.360000000000000000e+02
3.360000000000000000e+02
3.380000000000000000e+02
3.360000000000000000e+02
3.360000000000000000e+02
3.380000000000000000e+02
3.380000000000000000e+02
3.360000000000000000e+02
3.380000000000000000e+02
3.360000000000000000e+02
3.360000000000000000e+02
3.400000000000000000e+02
3.400000000000000000e+02
3.400000000000000000e+02
3.440000000000000000e+02
3.440000000000000000e+02
3.400000000000000000e+02
3.440000000000000000e+02
3.440000000000000000e+02
3.400000000000000000e+02
3.320000000000000000e+02
3.320000000000000000e+02
3.320000000000000000e+02
