3.600000000000000000e+02
3.600000000000000000e+02
3.600000000000000000e+02
3.600000000000000000e+02
3.600000000000000000e+02
3.600000000000000000e+02
3.600000000000000000e+02
3.600000000000000000e+02
3.600000000000000000e+02
3.600000000000000000e+02
3.600000000000000000e+02
3.600000000000000000e+02
3.600000000000000000e+02
3.600000000000000000e+02
3.600000000000000000e+02
3.600000000000000000e+02
3.600000000000000000e+02
3.600000000000000000e+02
3.600000000000000000e+02
3.600000000000000000e+02
3.600000000000000000e+02
3.600000000000000000e+02
3.600000000000000000e+02
3.600000000000000000e+02
3.600000000000000000e+02
3.600000000000000000e+02
3.600000000000000000e+02
3.600000000000000000e+02
3.600000000000000000e+02
3.600000000000000000e+02
3.600000000000000000e+02
3.600000000000000000e+02
3.600000000000000000e+02
3.600000000000000000e+02
3.600000000000000000e+02
3.600000000000000000e+02
3.600000000000000000e+02
3.600000000000000000e+02
3.600000000000000000e+02
3.600000000000000000e+02
3.600000000000000000e+02
3.600000000000000000e+02
3.600000000000000000e+02
3.600000000000000000e+02
3.600000000000000000e+02
3.600000000000000000e+02
3.600000000000000000e+02
3.600000000000000000e+02
3.600000000000000000e+02
3.600000000000000000e+02
3.600000000000000000e+02
3.600000000000000000e+02
3.600000000000000000e+02
3.600000000000000000e+02
3.600000000000000000e+02
3.600000000000000000e+02
3.600000000000000000e+02
3.600000000000000000e+02
3.600000000000000000e+02
3.600000000000000000e+02
3.600000000000000000e+02
3.600000000000000000e+02
3.600000000000000000e+02
3.600000000000000000e+02
3.600000000000000000e+02
3.600000000000000000e+02
3.600000000000000000e+02
3.600000000000000000e+02
3.600000000000000000e+02
3.600000000000000000e+02
3.580000000000000000e+02
3.580000000000000000e+02
3.580000000000000000e+02
3.580000000000000000e+02
3.580000000000000000e+02
3.580000000000000000e+02
3.580000000000000000e+02
3.580000000000000000e+02
3.580000000000000000e+02
3.580000000000000000e+02
3.580000000000000000e+02
3.580000000000000000e+02
3.580000000000000000e+02
3.580000000000000000e+02
3.580000000000000000e+02
3.580000000000000000e+02
3.580000000000000000e+02
3.580000000000000000e+02
3.560000000000000000e+02
3.520000000000000000e+02
3.520000000000000000e+02
3.480000000000000000e+02
3.480000000000000000e+02
3.480000000000000000e+02
3.460000000000000000e+02
3.460000000000000000e+02
3.460000000000000000e+02
3.460000000000000000e+02
3.460000000000000000e+02
3.440000000000000000e+02
3.440000000000000000e+02
3.440000000000000000e+02
3.420000000000000000e+02
3.360000000000000000e+02
3.320000000000000000e+02
3.320000000000000000e+02
3.260000000000000000e+02
3.260000000000000000e+02
3.240000000000000000e+02
3.240000000000000000e+02
3.240000000000000000e+02
3.240000000000000000e+02
3.240000000000000000e+02
3.220000000000000000e+02
3.220000000000000000e+02
3.080000000000000000e+02
3.080000000000000000e+02
3.080000000000000000e+02
3.080000000000000000e+02
3.060000000000000000e+02
3.060000000000000000e+02
3.060000000000000000e+02
3.040000000000000000e+02
3.040000000000000000e+02
3.040000000000000000e+02
3.040000000000000000e+02
3.040000000000000000e+02
3.040000000000000000e+02
3.040000000000000000e+02
3.040000000000000000e+02
3.040000000000000000e+02
3.040000000000000000e+02
3.040000000000000000e+02
3.040000000000000000e+02
3.040000000000000000e+02
3.040000000000000000e+02
3.020000000000000000e+02
3.020000000000000000e+02
3.020000000000000000e+02
3.020000000000000000e+02
3.020000000000000000e+02
3.020000000000000000e+02
3.020000000000000000e+02
3.020000000000000000e+02
3.000000000000000000e+02
3.000000000000000000e+02
3.000000000000000000e+02
3.000000000000000000e+02
3.000000000000000000e+02
3.000000000000000000e+02
3.000000000000000000e+02
3.000000000000000000e+02
3.000000000000000000e+02
3.000000000000000000e+02
3.000000000000000000e+02
3.000000000000000000e+02
3.000000000000000000e+02
3.000000000000000000e+02
3.000000000000000000e+02
3.000000000000000000e+02
3.000000000000000000e+02
3.000000000000000000e+02
3.000000000000000000e+02
3.000000000000000000e+02
3.000000000000000000e+02
3.000000000000000000e+02
3.000000000000000000e+02
3.000000000000000000e+02
3.000000000000000000e+02
3.000000000000000000e+02
3.000000000000000000e+02
3.000000000000000000e+02
3.000000000000000000e+02
3.000000000000000000e+02
3.000000000000000000e+02
3.000000000000000000e+02
3.000000000000000000e+02
3.000000000000000000e+02
3.000000000000000000e+02
3.000000000000000000e+02
3.000000000000000000e+02
3.000000000000000000e+02
3.000000000000000000e+02
3.000000000000000000e+02
3.000000000000000000e+02
3.000000000000000000e+02
3.000000000000000000e+02
3.000000000000000000e+02
3.000000000000000000e+02
3.000000000000000000e+02
3.000000000000000000e+02
3.000000000000000000e+02
3.000000000000000000e+02
3.000000000000000000e+02
3.000000000000000000e+02
3.000000000000000000e+02
3.000000000000000000e+02
3.000000000000000000e+02
3.000000000000000000e+02
3.000000000000000000e+02
3.000000000000000000e+02
3.000000000000000000e+02
3.000000000000000000e+02
3.000000000000000000e+02
3.000000000000000000e+02
3.000000000000000000e+02
3.000000000000000000e+02
3.000000000000000000e+02
3.000000000000000000e+02
3.000000000000000000e+02
3.000000000000000000e+02
3.000000000000000000e+02
3.000000000000000000e+02
3.000000000000000000e+02
3.000000000000000000e+02
3.020000000000000000e+02
3.020000000000000000e+02
3.020000000000000000e+02
3.020000000000000000e+02
3.020000000000000000e+02
3.020000000000000000e+02
3.020000000000000000e+02
3.020000000000000000e+02
3.020000000000000000e+02
3.020000000000000000e+02
3.040000000000000000e+02
3.040000000000000000e+02
3.040000000000000000e+02
3.040000000000000000e+02
3.040000000000000000e+02
3.040000000000000000e+02
3.040000000000000000e+02
3.040000000000000000e+02
3.040000000000000000e+02
3.040000000000000000e+02
3.040000000000000000e+02
3.040000000000000000e+02
3.040000000000000000e+02
3.040000000000000000e+02
3.040000000000000000e+02
3.040000000000000000e+02
3.040000000000000000e+02
3.040000000000000000e+02
3.060000000000000000e+02
3.060000000000000000e+02
3.060000000000000000e+02
3.060000000000000000e+02
3.060000000000000000e+02
3.060000000000000000e+02
3.080000000000000000e+02
3.080000000000000000e+02
3.080000000000000000e+02
3.080000000000000000e+02
3.080000000000000000e+02
3.080000000000000000e+02
3.080000000000000000e+02
3.080000000000000000e+02
3.080000000000000000e+02
3.080000000000000000e+02
3.080000000000000000e+02
3.080000000000000000e+02
3.080000000000000000e+02
3.100000000000000000e+02
3.100000000000000000e+02
3.100000000000000000e+02
3.120000000000000000e+02
3.120000000000000000e+02
3.120000000000000000e+02
3.120000000000000000e+02
3.120000000000000000e+02
3.120000000000000000e+02
3.120000000000000000e+02
3.140000000000000000e+02
3.140000000000000000e+02
3.140000000000000000e+02
3.160000000000000000e+02
3.160000000000000000e+02
3.160000000000000000e+02
3.160000000000000000e+02
3.160000000000000000e+02
3.160000000000000000e+02
3.160000000000000000e+02
3.160000000000000000e+02
3.160000000000000000e+02
3.160000000000000000e+02
3.200000000000000000e+02
3.200000000000000000e+02
3.200000000000000000e+02
3.200000000000000000e+02
3.240000000000000000e+02
3.240000000000000000e+02
3.280000000000000000e+02
3.280000000000000000e+02
3.280000000000000000e+02
3.280000000000000000e+02
3.280000000000000000e+02
3.280000000000000000e+02
3.280000000000000000e+02
3.280000000000000000e+02
3.280000000000000000e+02
3.280000000000000000e+02
3.280000000000000000e+02
3.280000000000000000e+02
3.280000000000000000e+02
3.280000000000000000e+02
3.280000000000000000e+02
3.280000000000000000e+02
3.280000000000000000e+02
3.280000000000000000e+02
3.280000000000000000e+02
3.280000000000000000e+02
3.280000000000000000e+02
3.280000000000000000e+02
3.280000000000000000e+02
3.280000000000000000e+02
3.280000000000000000e+02
3.280000000000000000e+02
3.280000000000000000e+02
3.280000000000000000e+02
3.280000000000000000e+02
3.280000000000000000e+02
3.280000000000000000e+02
3.280000000000000000e+02
3.280000000000000000e+02
3.300000000000000000e+02
3.300000000000000000e+02
3.300000000000000000e+02
3.320000000000000000e+02
3.320000000000000000e+02
3.320000000000000000e+02
3.320000000000000000e+02
3.320000000000000000e+02
3.320000000000000000e+02
3.320000000000000000e+02
3.320000000000000000e+02
3.320000000000000000e+02
3.320000000000000000e+02
3.320000000000000000e+02
3.320000000000000000e+02
3.320000000000000000e+02
3.320000000000000000e+02
3.320000000000000000e+02
3.320000000000000000e+02
3.320000000000000000e+02
3.320000000000000000e+02
3.320000000000000000e+02
3.320000000000000000e+02
3.320000000000000000e+02
3.320000000000000000e+02
3.320000000000000000e+02
3.320000000000000000e+02
3.340000000000000000e+02
3.340000000000000000e+02
3.340000000000000000e+02
3.360000000000000000e+02
3.360000000000000000e+02
3.360000000000000000e+02
3.360000000000000000e+02
3.360000000000000000e+02
3.360000000000000000e+02
3.360000000000000000e+02
