3.000000000000000000e+01
3.600000000000000000e+01
4.200000000000000000e+01
4.800000000000000000e+01
5.400000000000000000e+01
6.000000000000000000e+01
6.000000000000000000e+01
6.000000000000000000e+01
6.000000000000000000e+01
6.000000000000000000e+01
6.000000000000000000e+01
6.000000000000000000e+01
6.000000000000000000e+01
6.000000000000000000e+01
6.000000000000000000e+01
6.000000000000000000e+01
6.000000000000000000e+01
6.000000000000000000e+01
6.000000000000000000e+01
6.000000000000000000e+01
6.000000000000000000e+01
6.000000000000000000e+01
6.000000000000000000e+01
6.000000000000000000e+01
6.000000000000000000e+01
6.000000000000000000e+01
6.000000000000000000e+01
6.000000000000000000e+01
6.000000000000000000e+01
6.000000000000000000e+01
6.000000000000000000e+01
6.000000000000000000e+01
6.000000000000000000e+01
6.000000000000000000e+01
6.000000000000000000e+01
6.000000000000000000e+01
6.000000000000000000e+01
6.000000000000000000e+01
6.000000000000000000e+01
6.000000000000000000e+01
6.000000000000000000e+01
6.000000000000000000e+01
6.000000000000000000e+01
6.000000000000000000e+01
6.000000000000000000e+01
6.000000000000000000e+01
6.000000000000000000e+01
6.000000000000000000e+01
6.000000000000000000e+01
6.000000000000000000e+01
6.000000000000000000e+01
6.000000000000000000e+01
6.000000000000000000e+01
6.000000000000000000e+01
6.000000000000000000e+01
6.000000000000000000e+01
6.000000000000000000e+01
6.000000000000000000e+01
6.000000000000000000e+01
6.000000000000000000e+01
6.000000000000000000e+01
6.000000000000000000e+01
6.000000000000000000e+01
6.000000000000000000e+01
6.000000000000000000e+01
6.000000000000000000e+01
5.979999999999999716e+01
5.959999999999999432e+01
5.939999999999999147e+01
5.919999999999998863e+01
5.899999999999998579e+01
5.879999999999999716e+01
5.859999999999999432e+01
5.839999999999999147e+01
5.819999999999998863e+01
5.800000000000000000e+01
5.800000000000000000e+01
5.800000000000000000e+01
5.800000000000000000e+01
5.800000000000000000e+01
5.800000000000000000e+01
5.800000000000000000e+01
5.800000000000000000e+01
5.800000000000000000e+01
5.780000000000000426e+01
5.720000000000000995e+01
5.660000000000001563e+01
5.560000000000000853e+01
5.460000000000000853e+01
5.360000000000000853e+01
5.239999999999999858e+01
5.120000000000000284e+01
5.000000000000000711e+01
4.880000000000000426e+01
4.780000000000000426e+01
4.700000000000000711e+01
4.620000000000000284e+01
4.580000000000000426e+01
4.520000000000000995e+01
4.400000000000000711e+01
4.260000000000000853e+01
4.120000000000000284e+01
3.920000000000000284e+01
3.720000000000000284e+01
3.500000000000000000e+01
3.300000000000000000e+01
3.100000000000000000e+01
2.900000000000000000e+01
2.719999999999999574e+01
2.579999999999999361e+01
2.479999999999999716e+01
2.240000000000000213e+01
2.060000000000000142e+01
1.880000000000000426e+01
1.720000000000000284e+01
1.540000000000000391e+01
1.360000000000000320e+01
1.180000000000000071e+01
9.799999999999998934e+00
8.000000000000000000e+00
6.200000000000001066e+00
5.800000000000002487e+00
5.400000000000001243e+00
5.000000000000000888e+00
4.600000000000000533e+00
4.399999999999999467e+00
4.199999999999999289e+00
3.999999999999999556e+00
3.999999999999999556e+00
3.999999999999999556e+00
3.999999999999999556e+00
3.999999999999999556e+00
3.799999999999999822e+00
3.600000000000000089e+00
3.400000000000000355e+00
3.200000000000000622e+00
3.000000000000000888e+00
2.800000000000000711e+00
2.600000000000000533e+00
2.399999999999999911e+00
1.999999999999999778e+00
1.599999999999999867e+00
1.399999999999999911e+00
1.199999999999999956e+00
1.000000000000000000e+00
8.000000000000000444e-01
6.000000000000000888e-01
4.000000000000000222e-01
2.000000000000000111e-01
0.000000000000000000e+00
0.000000000000000000e+00
0.000000000000000000e+00
0.000000000000000000e+00
0.000000000000000000e+00
0.000000000000000000e+00
0.000000000000000000e+00
0.000000000000000000e+00
0.000000000000000000e+00
0.000000000000000000e+00
0.000000000000000000e+00
0.000000000000000000e+00
0.000000000000000000e+00
0.000000000000000000e+00
0.000000000000000000e+00
0.000000000000000000e+00
0.000000000000000000e+00
0.000000000000000000e+00
0.000000000000000000e+00
0.000000000000000000e+00
0.000000000000000000e+00
0.000000000000000000e+00
0.000000000000000000e+00
0.000000000000000000e+00
0.000000000000000000e+00
0.000000000000000000e+00
0.000000000000000000e+00
0.000000000000000000e+00
0.000000000000000000e+00
0.000000000000000000e+00
0.000000000000000000e+00
0.000000000000000000e+00
0.000000000000000000e+00
0.000000000000000000e+00
0.000000000000000000e+00
0.000000000000000000e+00
0.000000000000000000e+00
0.000000000000000000e+00
0.000000000000000000e+00
0.000000000000000000e+00
0.000000000000000000e+00
0.000000000000000000e+00
0.000000000000000000e+00
0.000000000000000000e+00
0.000000000000000000e+00
0.000000000000000000e+00
0.000000000000000000e+00
0.000000000000000000e+00
0.000000000000000000e+00
0.000000000000000000e+00
0.000000000000000000e+00
0.000000000000000000e+00
0.000000000000000000e+00
0.000000000000000000e+00
0.000000000000000000e+00
0.000000000000000000e+00
0.000000000000000000e+00
0.000000000000000000e+00
0.000000000000000000e+00
0.000000000000000000e+00
0.000000000000000000e+00
0.000000000000000000e+00
2.000000000000000111e-01
4.000000000000000222e-01
6.000000000000000888e-01
8.000000000000000444e-01
1.000000000000000000e+00
1.199999999999999956e+00
1.399999999999999911e+00
1.599999999999999867e+00
1.799999999999999822e+00
1.999999999999999778e+00
2.199999999999999734e+00
2.399999999999999911e+00
2.599999999999999645e+00
2.799999999999999822e+00
2.999999999999999556e+00
3.199999999999999734e+00
3.399999999999999467e+00
3.599999999999999645e+00
3.799999999999999378e+00
3.999999999999999556e+00
3.999999999999999556e+00
3.999999999999999556e+00
3.999999999999999556e+00
3.999999999999999556e+00
3.999999999999999556e+00
3.999999999999999556e+00
3.999999999999999556e+00
3.999999999999999556e+00
4.199999999999999289e+00
4.400000000000000355e+00
4.599999999999999645e+00
4.800000000000000711e+00
5.000000000000000000e+00
5.199999999999999289e+00
5.600000000000000533e+00
6.000000000000000000e+00
6.399999999999999467e+00
6.799999999999999822e+00
7.000000000000000000e+00
7.199999999999999289e+00
7.399999999999999467e+00
7.599999999999998757e+00
7.799999999999998934e+00
7.999999999999999112e+00
7.999999999999999112e+00
7.999999999999999112e+00
7.999999999999999112e+00
8.199999999999999289e+00
8.399999999999998579e+00
8.599999999999999645e+00
9.000000000000000000e+00
9.399999999999998579e+00
9.800000000000000711e+00
1.019999999999999929e+01
1.059999999999999787e+01
1.100000000000000000e+01
1.139999999999999858e+01
1.179999999999999893e+01
1.220000000000000284e+01
1.260000000000000320e+01
1.300000000000000178e+01
1.340000000000000036e+01
1.380000000000000071e+01
1.420000000000000107e+01
1.459999999999999964e+01
1.500000000000000000e+01
1.539999999999999858e+01
1.559999999999999787e+01
1.579999999999999716e+01
1.599999999999999822e+01
1.639999999999999858e+01
1.679999999999999716e+01
1.719999999999999929e+01
1.760000000000000142e+01
1.839999999999999858e+01
1.920000000000000284e+01
2.040000000000000213e+01
2.160000000000000142e+01
2.280000000000000071e+01
2.400000000000000355e+01
2.480000000000000426e+01
2.560000000000000497e+01
2.640000000000000568e+01
2.720000000000000639e+01
2.760000000000000497e+01
2.800000000000000355e+01
2.800000000000000355e+01
2.800000000000000355e+01
2.800000000000000355e+01
2.800000000000000355e+01
2.800000000000000355e+01
2.800000000000000355e+01
2.800000000000000355e+01
2.800000000000000355e+01
2.800000000000000355e+01
2.800000000000000355e+01
2.800000000000000355e+01
2.800000000000000355e+01
2.800000000000000355e+01
2.800000000000000355e+01
2.800000000000000355e+01
2.800000000000000355e+01
2.800000000000000355e+01
2.800000000000000355e+01
2.800000000000000355e+01
2.800000000000000355e+01
2.800000000000000355e+01
2.800000000000000355e+01
2.800000000000000355e+01
2.820000000000000284e+01
2.840000000000000213e+01
2.860000000000000142e+01
2.900000000000000000e+01
2.939999999999999858e+01
2.980000000000000071e+01
3.019999999999999574e+01
3.059999999999999787e+01
3.099999999999999645e+01
3.139999999999999503e+01
3.159999999999999432e+01
3.179999999999999716e+01
3.199999999999999645e+01
3.199999999999999645e+01
3.199999999999999645e+01
3.199999999999999645e+01
3.199999999999999645e+01
3.199999999999999645e+01
3.199999999999999645e+01
3.199999999999999645e+01
3.199999999999999645e+01
3.199999999999999645e+01
3.199999999999999645e+01
3.199999999999999645e+01
3.199999999999999645e+01
3.199999999999999645e+01
3.199999999999999645e+01
3.219999999999999574e+01
3.239999999999999858e+01
3.259999999999999432e+01
3.300000000000000000e+01
3.339999999999999858e+01
3.380000000000000426e+01
3.420000000000000995e+01
3.460000000000000853e+01
3.500000000000000711e+01
3.540000000000000568e+01
3.200000000000000000e+01
2.860000000000000142e+01
2.520000000000000284e+01
2.160000000000000142e+01
