3.000000000000000000e+01
3.600000000000000000e+01
4.200000000000000000e+01
4.800000000000000000e+01
5.400000000000000000e+01
6.000000000000000000e+01
6.000000000000000000e+01
6.000000000000000000e+01
6.000000000000000000e+01
6.000000000000000000e+01
6.000000000000000000e+01
6.000000000000000000e+01
6.000000000000000000e+01
6.000000000000000000e+01
6.000000000000000000e+01
6.000000000000000000e+01
6.000000000000000000e+01
6.000000000000000000e+01
6.000000000000000000e+01
6.000000000000000000e+01
6.000000000000000000e+01
6.000000000000000000e+01
6.000000000000000000e+01
6.000000000000000000e+01
6.000000000000000000e+01
6.000000000000000000e+01
6.000000000000000000e+01
6.000000000000000000e+01
6.000000000000000000e+01
6.000000000000000000e+01
6.000000000000000000e+01
6.000000000000000000e+01
6.000000000000000000e+01
6.000000000000000000e+01
6.000000000000000000e+01
6.000000000000000000e+01
6.000000000000000000e+01
6.000000000000000000e+01
6.000000000000000000e+01
6.000000000000000000e+01
6.000000000000000000e+01
6.000000000000000000e+01
6.000000000000000000e+01
6.000000000000000000e+01
6.000000000000000000e+01
6.000000000000000000e+01
6.000000000000000000e+01
6.000000000000000000e+01
6.000000000000000000e+01
6.000000000000000000e+01
6.000000000000000000e+01
6.000000000000000000e+01
6.000000000000000000e+01
6.000000000000000000e+01
6.000000000000000000e+01
6.000000000000000000e+01
6.000000000000000000e+01
6.000000000000000000e+01
6.000000000000000000e+01
6.000000000000000000e+01
5.979999999999999716e+01
5.959999999999999432e+01
5.959999999999999432e+01
5.939999999999999147e+01
5.919999999999998863e+01
5.900000000000000000e+01
5.860000000000000142e+01
5.820000000000000284e+01
5.780000000000000426e+01
5.740000000000000568e+01
5.720000000000000995e+01
5.700000000000000711e+01
5.600000000000000711e+01
5.520000000000000995e+01
5.460000000000000853e+01
5.360000000000000853e+01
5.279999999999999716e+01
5.220000000000000284e+01
5.039999999999999147e+01
4.859999999999999432e+01
4.739999999999999858e+01
4.519999999999999574e+01
4.359999999999999432e+01
4.220000000000000284e+01
4.060000000000000142e+01
3.900000000000000711e+01
3.740000000000000568e+01
3.580000000000000426e+01
3.479999999999999716e+01
3.380000000000000426e+01
3.219999999999999574e+01
3.120000000000000284e+01
3.020000000000000284e+01
2.940000000000000213e+01
2.800000000000000000e+01
2.700000000000000355e+01
2.620000000000000284e+01
2.499999999999999645e+01
2.439999999999999858e+01
2.380000000000000071e+01
2.319999999999999929e+01
2.300000000000000000e+01
2.279999999999999716e+01
2.059999999999999787e+01
1.900000000000000000e+01
1.880000000000000071e+01
1.679999999999999716e+01
1.500000000000000000e+01
1.320000000000000107e+01
1.140000000000000213e+01
9.600000000000001421e+00
7.800000000000002487e+00
6.000000000000001776e+00
5.800000000000001599e+00
5.600000000000000533e+00
3.999999999999999556e+00
3.999999999999999556e+00
3.999999999999999556e+00
3.999999999999999556e+00
3.999999999999999556e+00
3.999999999999999556e+00
3.999999999999999556e+00
3.999999999999999556e+00
3.999999999999999556e+00
3.999999999999999556e+00
3.799999999999999822e+00
3.600000000000000089e+00
3.600000000000000089e+00
3.400000000000000355e+00
3.200000000000000622e+00
3.000000000000000444e+00
2.800000000000000711e+00
2.600000000000000533e+00
2.400000000000000355e+00
2.199999999999999734e+00
2.199999999999999734e+00
2.199999999999999734e+00
1.799999999999999822e+00
1.599999999999999867e+00
1.399999999999999911e+00
1.199999999999999956e+00
1.000000000000000000e+00
8.000000000000000444e-01
6.000000000000000888e-01
4.000000000000000222e-01
2.000000000000000111e-01
0.000000000000000000e+00
0.000000000000000000e+00
0.000000000000000000e+00
0.000000000000000000e+00
0.000000000000000000e+00
0.000000000000000000e+00
0.000000000000000000e+00
0.000000000000000000e+00
0.000000000000000000e+00
0.000000000000000000e+00
0.000000000000000000e+00
0.000000000000000000e+00
0.000000000000000000e+00
0.000000000000000000e+00
0.000000000000000000e+00
0.000000000000000000e+00
0.000000000000000000e+00
0.000000000000000000e+00
0.000000000000000000e+00
0.000000000000000000e+00
0.000000000000000000e+00
0.000000000000000000e+00
0.000000000000000000e+00
0.000000000000000000e+00
0.000000000000000000e+00
0.000000000000000000e+00
0.000000000000000000e+00
0.000000000000000000e+00
0.000000000000000000e+00
0.000000000000000000e+00
0.000000000000000000e+00
0.000000000000000000e+00
0.000000000000000000e+00
0.000000000000000000e+00
0.000000000000000000e+00
0.000000000000000000e+00
0.000000000000000000e+00
0.000000000000000000e+00
0.000000000000000000e+00
0.000000000000000000e+00
0.000000000000000000e+00
0.000000000000000000e+00
0.000000000000000000e+00
0.000000000000000000e+00
0.000000000000000000e+00
0.000000000000000000e+00
0.000000000000000000e+00
0.000000000000000000e+00
0.000000000000000000e+00
0.000000000000000000e+00
0.000000000000000000e+00
0.000000000000000000e+00
0.000000000000000000e+00
0.000000000000000000e+00
0.000000000000000000e+00
0.000000000000000000e+00
2.000000000000000111e-01
4.000000000000000222e-01
6.000000000000000888e-01
8.000000000000000444e-01
1.000000000000000000e+00
1.199999999999999956e+00
1.399999999999999911e+00
1.599999999999999867e+00
1.799999999999999822e+00
2.199999999999999734e+00
2.399999999999999911e+00
2.599999999999999645e+00
2.799999999999999822e+00
2.999999999999999556e+00
3.199999999999999734e+00
3.399999999999999467e+00
3.599999999999999645e+00
3.799999999999999378e+00
3.999999999999999556e+00
3.999999999999999556e+00
3.999999999999999556e+00
3.999999999999999556e+00
3.999999999999999556e+00
3.999999999999999556e+00
3.999999999999999556e+00
4.199999999999999289e+00
4.400000000000000355e+00
4.599999999999999645e+00
4.800000000000000711e+00
5.000000000000000000e+00
5.199999999999999289e+00
5.600000000000000533e+00
6.000000000000000000e+00
6.399999999999999467e+00
6.799999999999999822e+00
7.000000000000000000e+00
7.199999999999999289e+00
7.399999999999999467e+00
7.599999999999998757e+00
7.799999999999998934e+00
7.999999999999999112e+00
7.999999999999999112e+00
7.999999999999999112e+00
7.999999999999999112e+00
7.999999999999999112e+00
7.999999999999999112e+00
7.999999999999999112e+00
7.999999999999999112e+00
7.999999999999999112e+00
8.199999999999999289e+00
8.399999999999998579e+00
8.599999999999999645e+00
8.599999999999999645e+00
8.800000000000000711e+00
9.000000000000000000e+00
9.199999999999999289e+00
9.599999999999997868e+00
1.000000000000000000e+01
1.039999999999999858e+01
1.079999999999999893e+01
1.140000000000000036e+01
1.200000000000000000e+01
1.359999999999999964e+01
1.500000000000000178e+01
1.660000000000000142e+01
1.840000000000000213e+01
1.960000000000000142e+01
2.079999999999999716e+01
2.280000000000000071e+01
2.460000000000000142e+01
2.619999999999999929e+01
2.780000000000000071e+01
2.859999999999999787e+01
2.939999999999999858e+01
2.999999999999999645e+01
3.039999999999999503e+01
3.119999999999999574e+01
3.199999999999999645e+01
3.199999999999999645e+01
3.199999999999999645e+01
3.199999999999999645e+01
3.199999999999999645e+01
3.199999999999999645e+01
3.199999999999999645e+01
3.199999999999999645e+01
3.199999999999999645e+01
3.199999999999999645e+01
3.199999999999999645e+01
3.199999999999999645e+01
3.199999999999999645e+01
3.199999999999999645e+01
3.199999999999999645e+01
3.199999999999999645e+01
3.199999999999999645e+01
3.199999999999999645e+01
3.199999999999999645e+01
3.179999999999999716e+01
3.159999999999999787e+01
3.139999999999999858e+01
3.119999999999999929e+01
3.100000000000000000e+01
3.080000000000000071e+01
3.040000000000000213e+01
3.000000000000000000e+01
2.960000000000000142e+01
2.920000000000000284e+01
2.900000000000000355e+01
2.880000000000000426e+01
2.860000000000000497e+01
2.840000000000000568e+01
2.820000000000000639e+01
2.800000000000000355e+01
2.800000000000000355e+01
2.800000000000000355e+01
2.800000000000000355e+01
2.800000000000000355e+01
2.800000000000000355e+01
2.800000000000000355e+01
2.800000000000000355e+01
2.800000000000000355e+01
2.800000000000000355e+01
2.800000000000000355e+01
2.800000000000000355e+01
2.800000000000000355e+01
2.800000000000000355e+01
2.800000000000000355e+01
2.800000000000000355e+01
2.800000000000000355e+01
2.800000000000000355e+01
2.800000000000000355e+01
2.780000000000000426e+01
2.760000000000000497e+01
2.740000000000000568e+01
2.720000000000000639e+01
2.700000000000000711e+01
2.680000000000000782e+01
2.680000000000000426e+01
2.660000000000000497e+01
2.380000000000000071e+01
2.100000000000000000e+01
1.840000000000000213e+01
1.580000000000000071e+01
