3.200000000000000000e+01
3.840000000000000568e+01
4.480000000000000426e+01
5.120000000000000284e+01
5.760000000000000142e+01
6.399999999999999289e+01
6.399999999999999289e+01
6.399999999999999289e+01
6.399999999999999289e+01
6.399999999999999289e+01
6.399999999999999289e+01
6.399999999999999289e+01
6.399999999999999289e+01
6.399999999999999289e+01
6.399999999999999289e+01
6.399999999999999289e+01
6.399999999999999289e+01
6.399999999999999289e+01
6.399999999999999289e+01
6.399999999999999289e+01
6.399999999999999289e+01
6.399999999999999289e+01
6.399999999999999289e+01
6.399999999999999289e+01
6.399999999999999289e+01
6.399999999999999289e+01
6.399999999999999289e+01
6.399999999999999289e+01
6.399999999999999289e+01
6.399999999999999289e+01
6.379999999999999716e+01
6.360000000000000142e+01
6.340000000000000568e+01
6.320000000000000995e+01
6.300000000000001421e+01
6.280000000000001137e+01
6.260000000000001563e+01
6.240000000000001279e+01
6.220000000000000995e+01
6.200000000000001421e+01
6.200000000000001421e+01
6.200000000000001421e+01
6.200000000000001421e+01
6.200000000000001421e+01
6.200000000000001421e+01
6.200000000000001421e+01
6.200000000000001421e+01
6.180000000000001137e+01
6.160000000000000853e+01
6.140000000000000568e+01
6.120000000000000284e+01
6.100000000000000000e+01
6.039999999999999858e+01
6.020000000000000284e+01
5.920000000000000284e+01
5.820000000000000995e+01
5.760000000000000853e+01
5.720000000000000995e+01
5.680000000000001137e+01
5.440000000000000568e+01
5.200000000000000711e+01
4.960000000000000853e+01
4.740000000000000568e+01
4.460000000000000853e+01
4.260000000000000853e+01
4.060000000000001563e+01
3.820000000000000995e+01
3.580000000000000426e+01
3.339999999999999858e+01
3.300000000000000000e+01
3.239999999999999147e+01
3.199999999999999645e+01
3.159999999999999787e+01
3.139999999999999858e+01
3.119999999999999929e+01
3.100000000000000000e+01
3.080000000000000071e+01
3.040000000000000213e+01
3.000000000000000000e+01
2.940000000000000213e+01
2.900000000000000355e+01
2.820000000000000284e+01
2.760000000000000142e+01
2.660000000000000142e+01
2.520000000000000284e+01
2.340000000000000213e+01
2.160000000000000142e+01
1.960000000000000142e+01
1.719999999999999929e+01
1.540000000000000036e+01
1.320000000000000284e+01
1.120000000000000284e+01
9.200000000000002842e+00
7.600000000000001421e+00
6.400000000000002132e+00
5.600000000000001421e+00
4.799999999999999822e+00
4.399999999999999467e+00
4.399999999999999467e+00
3.999999999999999556e+00
3.999999999999999556e+00
3.999999999999999556e+00
3.999999999999999556e+00
3.999999999999999556e+00
3.999999999999999556e+00
3.999999999999999556e+00
3.999999999999999556e+00
3.999999999999999556e+00
3.999999999999999556e+00
3.799999999999999822e+00
3.600000000000000089e+00
3.400000000000000355e+00
3.200000000000000622e+00
3.000000000000000888e+00
2.800000000000000711e+00
2.600000000000000533e+00
2.399999999999999911e+00
1.999999999999999778e+00
1.599999999999999867e+00
1.399999999999999911e+00
1.199999999999999956e+00
1.000000000000000000e+00
8.000000000000000444e-01
6.000000000000000888e-01
4.000000000000000222e-01
2.000000000000000111e-01
0.000000000000000000e+00
0.000000000000000000e+00
0.000000000000000000e+00
0.000000000000000000e+00
0.000000000000000000e+00
0.000000000000000000e+00
0.000000000000000000e+00
0.000000000000000000e+00
0.000000000000000000e+00
0.000000000000000000e+00
0.000000000000000000e+00
0.000000000000000000e+00
0.000000000000000000e+00
0.000000000000000000e+00
0.000000000000000000e+00
0.000000000000000000e+00
0.000000000000000000e+00
0.000000000000000000e+00
0.000000000000000000e+00
0.000000000000000000e+00
0.000000000000000000e+00
0.000000000000000000e+00
0.000000000000000000e+00
0.000000000000000000e+00
0.000000000000000000e+00
0.000000000000000000e+00
0.000000000000000000e+00
0.000000000000000000e+00
0.000000000000000000e+00
0.000000000000000000e+00
0.000000000000000000e+00
0.000000000000000000e+00
0.000000000000000000e+00
0.000000000000000000e+00
0.000000000000000000e+00
0.000000000000000000e+00
0.000000000000000000e+00
0.000000000000000000e+00
0.000000000000000000e+00
0.000000000000000000e+00
0.000000000000000000e+00
0.000000000000000000e+00
0.000000000000000000e+00
0.000000000000000000e+00
0.000000000000000000e+00
2.000000000000000111e-01
4.000000000000000222e-01
6.000000000000000888e-01
8.000000000000000444e-01
1.000000000000000000e+00
1.199999999999999956e+00
1.399999999999999911e+00
1.599999999999999867e+00
2.000000000000000000e+00
2.399999999999999911e+00
2.599999999999999645e+00
2.799999999999999822e+00
2.999999999999999556e+00
3.199999999999999734e+00
3.399999999999999467e+00
3.599999999999999645e+00
3.799999999999999378e+00
3.999999999999999556e+00
3.999999999999999556e+00
3.999999999999999556e+00
3.999999999999999556e+00
4.199999999999999289e+00
4.400000000000000355e+00
4.799999999999999822e+00
5.000000000000000000e+00
5.399999999999999467e+00
5.800000000000000711e+00
6.200000000000000178e+00
6.599999999999999645e+00
7.000000000000000000e+00
7.399999999999999467e+00
7.599999999999998757e+00
7.799999999999998934e+00
7.799999999999998934e+00
7.999999999999999112e+00
7.999999999999999112e+00
7.999999999999999112e+00
7.999999999999999112e+00
7.999999999999999112e+00
7.999999999999999112e+00
8.399999999999998579e+00
9.199999999999999289e+00
1.040000000000000036e+01
1.209999999999999964e+01
1.420000000000000107e+01
1.660000000000000142e+01
1.940000000000000213e+01
2.250000000000000000e+01
2.590000000000000213e+01
2.950000000000000711e+01
3.289999999999999858e+01
3.600000000000000711e+01
3.880000000000001137e+01
4.110000000000000853e+01
4.300000000000000000e+01
4.500000000000000000e+01
4.660000000000000853e+01
4.790000000000001279e+01
4.890000000000001279e+01
4.970000000000000995e+01
5.030000000000001137e+01
5.080000000000001137e+01
5.120000000000000995e+01
5.160000000000000853e+01
5.200000000000000711e+01
5.200000000000000711e+01
5.160000000000000853e+01
5.120000000000000284e+01
5.039999999999999858e+01
4.879999999999999716e+01
4.680000000000000426e+01
4.480000000000001137e+01
4.240000000000000568e+01
3.959999999999999432e+01
3.679999999999999716e+01
3.400000000000000000e+01
3.159999999999999432e+01
2.919999999999999574e+01
2.719999999999999574e+01
2.600000000000000000e+01
2.519999999999999574e+01
2.439999999999999858e+01
2.400000000000000000e+01
2.400000000000000000e+01
2.400000000000000000e+01
2.400000000000000000e+01
2.400000000000000000e+01
2.400000000000000000e+01
2.380000000000000071e+01
2.360000000000000142e+01
2.340000000000000213e+01
2.319999999999999929e+01
2.280000000000000071e+01
2.239999999999999858e+01
2.200000000000000000e+01
2.160000000000000142e+01
2.119999999999999929e+01
2.080000000000000071e+01
2.060000000000000142e+01
2.039999999999999858e+01
2.019999999999999929e+01
2.000000000000000000e+01
2.000000000000000000e+01
2.000000000000000000e+01
2.000000000000000000e+01
2.000000000000000000e+01
2.000000000000000000e+01
2.000000000000000000e+01
2.000000000000000000e+01
2.000000000000000000e+01
2.000000000000000000e+01
2.000000000000000000e+01
2.000000000000000000e+01
2.000000000000000000e+01
2.000000000000000000e+01
2.000000000000000000e+01
2.000000000000000000e+01
1.800000000000000000e+01
1.600000000000000000e+01
1.400000000000000000e+01
1.200000000000000000e+01
