3.200000000000000000e+01
3.840000000000000568e+01
4.480000000000000426e+01
5.120000000000000284e+01
5.760000000000000142e+01
6.399999999999999289e+01
6.399999999999999289e+01
6.399999999999999289e+01
6.399999999999999289e+01
6.399999999999999289e+01
6.399999999999999289e+01
6.399999999999999289e+01
6.399999999999999289e+01
6.399999999999999289e+01
6.399999999999999289e+01
6.399999999999999289e+01
6.399999999999999289e+01
6.399999999999999289e+01
6.399999999999999289e+01
6.399999999999999289e+01
6.399999999999999289e+01
6.379999999999999716e+01
6.360000000000000142e+01
6.340000000000000568e+01
6.320000000000000995e+01
6.280000000000001137e+01
6.240000000000000568e+01
6.200000000000000711e+01
6.160000000000000142e+01
6.120000000000000284e+01
6.079999999999999716e+01
6.060000000000000142e+01
6.020000000000000284e+01
5.979999999999999716e+01
5.939999999999999147e+01
5.919999999999998863e+01
5.899999999999998579e+01
5.879999999999999716e+01
5.839999999999999858e+01
5.800000000000000000e+01
5.760000000000000142e+01
5.720000000000000995e+01
5.700000000000000711e+01
5.680000000000001137e+01
5.660000000000000853e+01
5.600000000000001421e+01
5.440000000000001279e+01
5.200000000000000711e+01
4.980000000000000426e+01
4.760000000000000142e+01
4.539999999999999858e+01
4.319999999999999574e+01
4.099999999999999289e+01
3.879999999999999005e+01
3.659999999999999432e+01
3.460000000000000142e+01
3.359999999999999432e+01
3.339999999999999858e+01
3.319999999999999574e+01
3.300000000000000000e+01
3.279999999999999716e+01
3.260000000000000142e+01
3.239999999999999858e+01
3.219999999999999574e+01
3.199999999999999645e+01
3.199999999999999645e+01
3.199999999999999645e+01
3.199999999999999645e+01
3.199999999999999645e+01
3.199999999999999645e+01
3.199999999999999645e+01
3.199999999999999645e+01
3.199999999999999645e+01
3.179999999999999716e+01
3.159999999999999787e+01
3.139999999999999858e+01
3.119999999999999929e+01
3.100000000000000000e+01
3.060000000000000142e+01
2.980000000000000426e+01
2.900000000000000000e+01
2.699999999999999645e+01
2.500000000000000000e+01
2.319999999999999929e+01
2.100000000000000000e+01
1.880000000000000071e+01
1.660000000000000142e+01
1.420000000000000107e+01
1.200000000000000355e+01
1.019999999999999929e+01
8.199999999999999289e+00
7.400000000000000355e+00
6.599999999999999645e+00
5.800000000000002487e+00
5.400000000000001243e+00
5.000000000000000888e+00
4.600000000000000533e+00
4.399999999999999467e+00
4.199999999999999289e+00
3.999999999999999556e+00
3.999999999999999556e+00
3.999999999999999556e+00
3.999999999999999556e+00
3.999999999999999556e+00
3.999999999999999556e+00
3.999999999999999556e+00
3.999999999999999556e+00
3.999999999999999556e+00
3.999999999999999556e+00
3.799999999999999822e+00
3.600000000000000089e+00
3.400000000000000355e+00
3.200000000000000622e+00
3.000000000000000888e+00
2.800000000000000711e+00
2.600000000000000533e+00
2.199999999999999734e+00
1.799999999999999822e+00
1.399999999999999911e+00
1.199999999999999956e+00
1.000000000000000000e+00
8.000000000000000444e-01
6.000000000000000888e-01
4.000000000000000222e-01
2.000000000000000111e-01
0.000000000000000000e+00
0.000000000000000000e+00
0.000000000000000000e+00
0.000000000000000000e+00
0.000000000000000000e+00
0.000000000000000000e+00
0.000000000000000000e+00
0.000000000000000000e+00
0.000000000000000000e+00
0.000000000000000000e+00
0.000000000000000000e+00
0.000000000000000000e+00
0.000000000000000000e+00
0.000000000000000000e+00
0.000000000000000000e+00
0.000000000000000000e+00
0.000000000000000000e+00
0.000000000000000000e+00
0.000000000000000000e+00
0.000000000000000000e+00
0.000000000000000000e+00
0.000000000000000000e+00
0.000000000000000000e+00
0.000000000000000000e+00
0.000000000000000000e+00
0.000000000000000000e+00
0.000000000000000000e+00
0.000000000000000000e+00
0.000000000000000000e+00
0.000000000000000000e+00
0.000000000000000000e+00
0.000000000000000000e+00
0.000000000000000000e+00
0.000000000000000000e+00
0.000000000000000000e+00
0.000000000000000000e+00
0.000000000000000000e+00
0.000000000000000000e+00
0.000000000000000000e+00
0.000000000000000000e+00
0.000000000000000000e+00
0.000000000000000000e+00
0.000000000000000000e+00
0.000000000000000000e+00
0.000000000000000000e+00
0.000000000000000000e+00
0.000000000000000000e+00
2.000000000000000111e-01
4.000000000000000222e-01
6.000000000000000888e-01
8.000000000000000444e-01
1.000000000000000000e+00
1.199999999999999956e+00
1.399999999999999911e+00
1.599999999999999867e+00
1.799999999999999822e+00
2.199999999999999734e+00
2.399999999999999911e+00
2.599999999999999645e+00
2.799999999999999822e+00
2.999999999999999556e+00
3.199999999999999734e+00
3.399999999999999467e+00
3.599999999999999645e+00
3.799999999999999378e+00
3.999999999999999556e+00
3.999999999999999556e+00
3.999999999999999556e+00
4.199999999999999289e+00
4.400000000000000355e+00
4.599999999999999645e+00
5.000000000000000000e+00
5.400000000000000355e+00
5.799999999999999822e+00
6.600000000000000533e+00
7.400000000000000355e+00
8.199999999999999289e+00
9.000000000000000000e+00
9.800000000000000711e+00
1.100000000000000178e+01
1.240000000000000213e+01
1.370000000000000107e+01
1.530000000000000071e+01
1.730000000000000071e+01
1.890000000000000213e+01
2.050000000000000355e+01
2.230000000000000071e+01
2.410000000000000142e+01
2.570000000000000284e+01
2.710000000000000142e+01
2.850000000000000000e+01
2.960000000000000497e+01
3.039999999999999858e+01
3.080000000000000071e+01
3.119999999999999574e+01
3.159999999999999787e+01
3.159999999999999787e+01
3.159999999999999787e+01
3.159999999999999787e+01
3.139999999999999858e+01
3.100000000000000000e+01
3.080000000000000071e+01
3.040000000000000213e+01
3.000000000000000000e+01
2.960000000000000142e+01
2.940000000000000213e+01
2.940000000000000213e+01
2.940000000000000213e+01
2.940000000000000213e+01
2.940000000000000213e+01
2.940000000000000213e+01
2.939999999999999858e+01
2.960000000000000142e+01
2.980000000000000071e+01
3.019999999999999929e+01
3.039999999999999858e+01
3.059999999999999787e+01
3.079999999999999716e+01
3.099999999999999645e+01
3.119999999999999574e+01
3.139999999999999503e+01
3.159999999999999432e+01
3.219999999999999574e+01
3.279999999999999716e+01
3.320000000000000284e+01
3.360000000000000142e+01
3.400000000000000711e+01
3.440000000000000568e+01
3.480000000000000426e+01
3.520000000000000284e+01
3.560000000000000853e+01
3.600000000000000711e+01
3.600000000000000711e+01
3.600000000000000711e+01
3.600000000000000711e+01
3.600000000000000711e+01
3.600000000000000711e+01
3.600000000000000711e+01
3.600000000000000711e+01
3.600000000000000711e+01
3.600000000000000711e+01
3.600000000000000711e+01
3.620000000000000284e+01
3.620000000000000284e+01
3.620000000000000284e+01
3.639999999999999858e+01
3.660000000000000142e+01
3.660000000000000142e+01
3.680000000000000426e+01
3.680000000000000426e+01
3.680000000000000426e+01
3.720000000000000284e+01
3.740000000000000568e+01
3.780000000000000426e+01
3.860000000000000142e+01
3.920000000000000284e+01
3.939999999999999858e+01
4.019999999999999574e+01
4.079999999999999716e+01
4.119999999999999574e+01
4.079999999999999716e+01
4.000000000000000711e+01
3.920000000000000995e+01
3.520000000000000284e+01
3.080000000000000426e+01
2.640000000000000213e+01
2.240000000000000213e+01
