3.000000000000000000e+01
3.600000000000000000e+01
4.200000000000000000e+01
4.800000000000000000e+01
5.400000000000000000e+01
6.000000000000000000e+01
6.000000000000000000e+01
6.000000000000000000e+01
6.000000000000000000e+01
6.000000000000000000e+01
6.000000000000000000e+01
6.000000000000000000e+01
6.000000000000000000e+01
6.000000000000000000e+01
6.000000000000000000e+01
6.000000000000000000e+01
6.000000000000000000e+01
6.000000000000000000e+01
6.000000000000000000e+01
6.000000000000000000e+01
6.000000000000000000e+01
6.000000000000000000e+01
6.000000000000000000e+01
6.000000000000000000e+01
6.000000000000000000e+01
6.000000000000000000e+01
6.000000000000000000e+01
6.000000000000000000e+01
6.000000000000000000e+01
6.000000000000000000e+01
6.000000000000000000e+01
6.000000000000000000e+01
6.000000000000000000e+01
6.000000000000000000e+01
6.000000000000000000e+01
6.000000000000000000e+01
6.000000000000000000e+01
6.000000000000000000e+01
6.000000000000000000e+01
6.000000000000000000e+01
6.000000000000000000e+01
6.000000000000000000e+01
6.000000000000000000e+01
6.000000000000000000e+01
6.000000000000000000e+01
6.000000000000000000e+01
6.000000000000000000e+01
6.000000000000000000e+01
6.000000000000000000e+01
6.000000000000000000e+01
6.000000000000000000e+01
6.000000000000000000e+01
6.000000000000000000e+01
6.000000000000000000e+01
6.000000000000000000e+01
6.000000000000000000e+01
6.000000000000000000e+01
6.000000000000000000e+01
5.900000000000000000e+01
5.800000000000000000e+01
5.600000000000000000e+01
5.400000000000000000e+01
5.200000000000000000e+01
4.939999999999999858e+01
4.679999999999999716e+01
4.419999999999999574e+01
4.159999999999999432e+01
3.899999999999999289e+01
3.739999999999999147e+01
3.560000000000000142e+01
3.479999999999999716e+01
3.400000000000000000e+01
3.319999999999999574e+01
3.300000000000000000e+01
3.279999999999999716e+01
3.260000000000000142e+01
3.239999999999999858e+01
3.219999999999999574e+01
3.179999999999999716e+01
3.179999999999999716e+01
3.179999999999999716e+01
3.179999999999999716e+01
3.179999999999999716e+01
3.179999999999999716e+01
3.179999999999999716e+01
3.139999999999999858e+01
2.900000000000000000e+01
2.660000000000000142e+01
2.420000000000000284e+01
2.160000000000000497e+01
1.900000000000000711e+01
1.640000000000000213e+01
1.380000000000000071e+01
1.119999999999999751e+01
8.599999999999997868e+00
6.399999999999998579e+00
6.199999999999999289e+00
6.000000000000000000e+00
5.800000000000000711e+00
5.600000000000001421e+00
5.400000000000002132e+00
5.200000000000001954e+00
5.000000000000000888e+00
4.800000000000000711e+00
4.600000000000000533e+00
4.399999999999999467e+00
4.199999999999999289e+00
3.999999999999999556e+00
3.999999999999999556e+00
3.999999999999999556e+00
3.999999999999999556e+00
3.999999999999999556e+00
3.999999999999999556e+00
3.999999999999999556e+00
3.999999999999999556e+00
3.999999999999999556e+00
3.999999999999999556e+00
3.999999999999999556e+00
3.999999999999999556e+00
3.999999999999999556e+00
3.999999999999999556e+00
3.999999999999999556e+00
3.999999999999999556e+00
3.999999999999999556e+00
3.999999999999999556e+00
3.999999999999999556e+00
3.999999999999999556e+00
3.799999999999999822e+00
3.600000000000000089e+00
3.400000000000000355e+00
3.200000000000000622e+00
3.000000000000000888e+00
2.800000000000000711e+00
2.600000000000000533e+00
2.399999999999999911e+00
2.199999999999999734e+00
1.999999999999999778e+00
1.799999999999999822e+00
1.599999999999999867e+00
1.399999999999999911e+00
1.199999999999999956e+00
1.000000000000000000e+00
8.000000000000000444e-01
6.000000000000000888e-01
4.000000000000000222e-01
2.000000000000000111e-01
0.000000000000000000e+00
0.000000000000000000e+00
0.000000000000000000e+00
0.000000000000000000e+00
0.000000000000000000e+00
0.000000000000000000e+00
0.000000000000000000e+00
0.000000000000000000e+00
0.000000000000000000e+00
0.000000000000000000e+00
0.000000000000000000e+00
0.000000000000000000e+00
0.000000000000000000e+00
0.000000000000000000e+00
0.000000000000000000e+00
0.000000000000000000e+00
0.000000000000000000e+00
0.000000000000000000e+00
0.000000000000000000e+00
0.000000000000000000e+00
0.000000000000000000e+00
0.000000000000000000e+00
0.000000000000000000e+00
0.000000000000000000e+00
0.000000000000000000e+00
0.000000000000000000e+00
0.000000000000000000e+00
0.000000000000000000e+00
0.000000000000000000e+00
0.000000000000000000e+00
0.000000000000000000e+00
0.000000000000000000e+00
0.000000000000000000e+00
0.000000000000000000e+00
0.000000000000000000e+00
0.000000000000000000e+00
0.000000000000000000e+00
0.000000000000000000e+00
0.000000000000000000e+00
0.000000000000000000e+00
0.000000000000000000e+00
0.000000000000000000e+00
0.000000000000000000e+00
0.000000000000000000e+00
0.000000000000000000e+00
0.000000000000000000e+00
0.000000000000000000e+00
0.000000000000000000e+00
0.000000000000000000e+00
0.000000000000000000e+00
0.000000000000000000e+00
0.000000000000000000e+00
0.000000000000000000e+00
0.000000000000000000e+00
0.000000000000000000e+00
0.000000000000000000e+00
0.000000000000000000e+00
0.000000000000000000e+00
0.000000000000000000e+00
0.000000000000000000e+00
0.000000000000000000e+00
2.000000000000000111e-01
4.000000000000000222e-01
6.000000000000000888e-01
8.000000000000000444e-01
1.000000000000000000e+00
1.199999999999999956e+00
1.600000000000000089e+00
2.000000000000000000e+00
2.399999999999999911e+00
2.799999999999999822e+00
2.999999999999999556e+00
3.199999999999999734e+00
3.399999999999999467e+00
3.599999999999999645e+00
3.799999999999999378e+00
4.399999999999999467e+00
4.799999999999999822e+00
5.199999999999999289e+00
5.599999999999999645e+00
5.999999999999999112e+00
6.399999999999999467e+00
6.999999999999999112e+00
7.599999999999999645e+00
8.199999999999999289e+00
9.000000000000000000e+00
9.399999999999998579e+00
9.800000000000000711e+00
1.019999999999999929e+01
1.059999999999999787e+01
1.100000000000000000e+01
1.239999999999999858e+01
1.359999999999999787e+01
1.480000000000000071e+01
1.620000000000000284e+01
1.740000000000000213e+01
1.860000000000000142e+01
1.979999999999999716e+01
2.100000000000000000e+01
2.220000000000000284e+01
2.339999999999999858e+01
2.360000000000000142e+01
2.379999999999999716e+01
2.400000000000000000e+01
2.400000000000000000e+01
2.400000000000000000e+01
2.400000000000000000e+01
2.400000000000000000e+01
2.400000000000000000e+01
2.400000000000000000e+01
2.400000000000000000e+01
2.400000000000000000e+01
2.400000000000000000e+01
2.400000000000000000e+01
2.400000000000000000e+01
2.420000000000000284e+01
2.440000000000000568e+01
2.480000000000000782e+01
2.520000000000000639e+01
2.560000000000000497e+01
2.600000000000000355e+01
2.640000000000000213e+01
2.680000000000000426e+01
2.720000000000000284e+01
2.760000000000000497e+01
2.780000000000000426e+01
2.800000000000000355e+01
2.800000000000000355e+01
2.800000000000000355e+01
2.800000000000000355e+01
2.800000000000000355e+01
2.800000000000000355e+01
2.800000000000000355e+01
2.800000000000000355e+01
2.800000000000000355e+01
2.800000000000000355e+01
2.800000000000000355e+01
2.800000000000000355e+01
2.800000000000000355e+01
2.800000000000000355e+01
2.800000000000000355e+01
2.800000000000000355e+01
2.800000000000000355e+01
2.800000000000000355e+01
2.800000000000000355e+01
2.800000000000000355e+01
2.780000000000000426e+01
2.760000000000000497e+01
2.740000000000000568e+01
2.720000000000000639e+01
2.700000000000000711e+01
2.680000000000000782e+01
2.660000000000000497e+01
2.640000000000000568e+01
2.620000000000000284e+01
2.600000000000000355e+01
2.600000000000000355e+01
2.600000000000000355e+01
2.600000000000000355e+01
2.600000000000000355e+01
2.600000000000000355e+01
2.600000000000000355e+01
2.600000000000000355e+01
2.600000000000000355e+01
2.600000000000000355e+01
2.600000000000000355e+01
2.600000000000000355e+01
2.600000000000000355e+01
2.600000000000000355e+01
2.600000000000000355e+01
2.600000000000000355e+01
2.600000000000000355e+01
2.600000000000000355e+01
2.600000000000000355e+01
2.620000000000000284e+01
2.640000000000000213e+01
2.660000000000000142e+01
2.669999999999999929e+01
2.680000000000000071e+01
2.700000000000000000e+01
2.720000000000000284e+01
2.760000000000000142e+01
2.820000000000000284e+01
2.900000000000000000e+01
2.990000000000000213e+01
3.109999999999999787e+01
3.250000000000000000e+01
3.409999999999999432e+01
3.580000000000000426e+01
3.739999999999999858e+01
3.900000000000000000e+01
4.039999999999999858e+01
4.159999999999999432e+01
4.259999999999999432e+01
3.890000000000000568e+01
3.490000000000000568e+01
3.070000000000000284e+01
2.640000000000000213e+01
