1.920000000000000284e+01
2.320000000000000284e+01
2.700000000000000000e+01
3.080000000000000426e+01
3.460000000000000142e+01
3.839999999999999858e+01
3.839999999999999858e+01
3.839999999999999858e+01
3.839999999999999858e+01
3.839999999999999858e+01
3.800000000000000711e+01
3.760000000000000142e+01
3.740000000000000568e+01
3.720000000000000284e+01
3.700000000000000711e+01
3.680000000000000426e+01
3.660000000000000853e+01
3.660000000000000142e+01
3.660000000000000142e+01
3.660000000000000142e+01
3.679999999999999716e+01
3.700000000000000000e+01
3.719999999999999574e+01
3.739999999999999858e+01
3.760000000000000142e+01
3.779999999999999716e+01
3.800000000000000000e+01
3.800000000000000000e+01
3.800000000000000000e+01
3.800000000000000000e+01
3.800000000000000000e+01
3.800000000000000000e+01
3.800000000000000000e+01
3.800000000000000000e+01
3.800000000000000000e+01
3.800000000000000000e+01
3.800000000000000000e+01
3.800000000000000000e+01
3.800000000000000000e+01
3.800000000000000000e+01
3.820000000000000284e+01
3.840000000000000568e+01
3.860000000000000142e+01
3.879999999999999716e+01
3.900000000000000000e+01
3.920000000000000284e+01
3.939999999999999858e+01
3.960000000000000142e+01
3.979999999999999716e+01
4.000000000000000000e+01
4.000000000000000000e+01
4.000000000000000000e+01
4.000000000000000000e+01
4.000000000000000000e+01
4.000000000000000000e+01
4.000000000000000000e+01
4.000000000000000000e+01
4.000000000000000000e+01
4.039999999999999858e+01
4.079999999999999716e+01
4.119999999999999574e+01
4.239999999999999858e+01
4.360000000000000142e+01
4.480000000000000426e+01
4.619999999999999574e+01
4.760000000000000142e+01
4.900000000000000000e+01
5.060000000000000142e+01
5.179999999999999716e+01
5.300000000000000000e+01
5.420000000000000284e+01
5.460000000000000853e+01
5.500000000000000711e+01
5.540000000000001279e+01
5.560000000000000853e+01
5.460000000000000853e+01
5.150000000000000000e+01
4.710000000000000142e+01
4.270000000000000284e+01
3.830000000000001137e+01
3.350000000000000000e+01
2.870000000000000284e+01
2.390000000000000213e+01
1.910000000000000142e+01
1.430000000000000426e+01
1.070000000000000284e+01
9.200000000000001066e+00
8.799999999999998934e+00
8.399999999999998579e+00
7.999999999999999112e+00
7.999999999999999112e+00
7.999999999999999112e+00
7.999999999999999112e+00
7.999999999999999112e+00
7.799999999999998934e+00
7.599999999999999645e+00
7.399999999999998579e+00
7.199999999999999289e+00
6.999999999999998224e+00
6.799999999999998934e+00
6.400000000000000355e+00
6.000000000000000000e+00
5.600000000000001421e+00
5.200000000000001954e+00
5.000000000000000888e+00
4.800000000000000711e+00
4.600000000000000533e+00
4.399999999999999467e+00
4.199999999999999289e+00
3.999999999999999556e+00
3.999999999999999556e+00
3.999999999999999556e+00
3.999999999999999556e+00
3.999999999999999556e+00
3.999999999999999556e+00
3.999999999999999556e+00
3.999999999999999556e+00
3.999999999999999556e+00
3.999999999999999556e+00
3.999999999999999556e+00
3.999999999999999556e+00
3.999999999999999556e+00
3.999999999999999556e+00
3.999999999999999556e+00
3.999999999999999556e+00
3.999999999999999556e+00
3.999999999999999556e+00
3.999999999999999556e+00
3.999999999999999556e+00
3.999999999999999556e+00
3.999999999999999556e+00
3.999999999999999556e+00
3.799999999999999822e+00
3.600000000000000089e+00
3.400000000000000355e+00
3.200000000000000622e+00
3.000000000000000888e+00
2.800000000000000711e+00
2.600000000000000533e+00
2.399999999999999911e+00
2.199999999999999734e+00
1.999999999999999778e+00
1.999999999999999778e+00
1.999999999999999778e+00
1.799999999999999822e+00
1.599999999999999867e+00
1.399999999999999911e+00
1.199999999999999956e+00
1.000000000000000000e+00
8.000000000000000444e-01
6.000000000000000888e-01
4.000000000000000222e-01
2.000000000000000111e-01
0.000000000000000000e+00
0.000000000000000000e+00
0.000000000000000000e+00
0.000000000000000000e+00
0.000000000000000000e+00
0.000000000000000000e+00
0.000000000000000000e+00
0.000000000000000000e+00
0.000000000000000000e+00
0.000000000000000000e+00
0.000000000000000000e+00
0.000000000000000000e+00
0.000000000000000000e+00
0.000000000000000000e+00
0.000000000000000000e+00
0.000000000000000000e+00
0.000000000000000000e+00
0.000000000000000000e+00
0.000000000000000000e+00
0.000000000000000000e+00
0.000000000000000000e+00
0.000000000000000000e+00
0.000000000000000000e+00
0.000000000000000000e+00
0.000000000000000000e+00
0.000000000000000000e+00
0.000000000000000000e+00
0.000000000000000000e+00
0.000000000000000000e+00
0.000000000000000000e+00
0.000000000000000000e+00
0.000000000000000000e+00
0.000000000000000000e+00
0.000000000000000000e+00
0.000000000000000000e+00
0.000000000000000000e+00
0.000000000000000000e+00
0.000000000000000000e+00
0.000000000000000000e+00
0.000000000000000000e+00
0.000000000000000000e+00
0.000000000000000000e+00
0.000000000000000000e+00
0.000000000000000000e+00
0.000000000000000000e+00
0.000000000000000000e+00
0.000000000000000000e+00
0.000000000000000000e+00
0.000000000000000000e+00
0.000000000000000000e+00
0.000000000000000000e+00
0.000000000000000000e+00
0.000000000000000000e+00
0.000000000000000000e+00
0.000000000000000000e+00
0.000000000000000000e+00
0.000000000000000000e+00
0.000000000000000000e+00
0.000000000000000000e+00
0.000000000000000000e+00
0.000000000000000000e+00
0.000000000000000000e+00
0.000000000000000000e+00
0.000000000000000000e+00
0.000000000000000000e+00
2.000000000000000111e-01
4.000000000000000222e-01
6.000000000000000888e-01
1.000000000000000000e+00
1.399999999999999911e+00
1.799999999999999822e+00
2.199999999999999734e+00
2.599999999999999645e+00
2.999999999999999556e+00
3.599999999999999645e+00
4.000000000000000000e+00
4.400000000000000355e+00
5.000000000000000000e+00
5.400000000000000355e+00
5.799999999999999822e+00
6.200000000000000178e+00
6.599999999999999645e+00
6.999999999999999112e+00
7.399999999999999467e+00
7.599999999999998757e+00
7.799999999999998934e+00
8.199999999999999289e+00
8.399999999999998579e+00
8.599999999999999645e+00
9.199999999999999289e+00
9.800000000000000711e+00
1.040000000000000036e+01
1.200000000000000178e+01
1.360000000000000142e+01
1.520000000000000107e+01
1.700000000000000355e+01
1.860000000000000497e+01
2.020000000000000284e+01
2.180000000000000426e+01
2.300000000000000355e+01
2.420000000000000639e+01
2.540000000000000568e+01
2.560000000000000497e+01
2.580000000000000426e+01
2.600000000000000355e+01
2.600000000000000355e+01
2.600000000000000355e+01
2.600000000000000355e+01
2.600000000000000355e+01
2.600000000000000355e+01
2.600000000000000355e+01
2.600000000000000355e+01
2.600000000000000355e+01
2.600000000000000355e+01
2.600000000000000355e+01
2.600000000000000355e+01
2.600000000000000355e+01
2.600000000000000355e+01
2.600000000000000355e+01
2.600000000000000355e+01
2.600000000000000355e+01
2.600000000000000355e+01
2.600000000000000355e+01
2.600000000000000355e+01
2.600000000000000355e+01
2.600000000000000355e+01
2.600000000000000355e+01
2.600000000000000355e+01
2.600000000000000355e+01
2.600000000000000355e+01
2.600000000000000355e+01
2.600000000000000355e+01
2.600000000000000355e+01
2.620000000000000284e+01
2.640000000000000213e+01
2.660000000000000142e+01
2.680000000000000071e+01
2.700000000000000355e+01
2.720000000000000284e+01
2.740000000000000568e+01
2.760000000000000497e+01
2.780000000000000426e+01
2.800000000000000355e+01
2.800000000000000355e+01
2.800000000000000355e+01
2.800000000000000355e+01
2.800000000000000355e+01
2.800000000000000355e+01
2.820000000000000284e+01
2.840000000000000213e+01
2.860000000000000142e+01
2.900000000000000000e+01
2.939999999999999858e+01
2.980000000000000071e+01
3.019999999999999574e+01
3.059999999999999787e+01
3.099999999999999645e+01
3.179999999999999716e+01
3.239999999999999858e+01
3.300000000000000000e+01
3.400000000000000000e+01
3.480000000000000426e+01
3.560000000000000853e+01
3.640000000000000568e+01
3.760000000000000142e+01
3.879999999999999716e+01
4.000000000000000000e+01
4.079999999999999716e+01
4.159999999999999432e+01
4.239999999999999147e+01
4.279999999999999005e+01
4.319999999999999574e+01
4.359999999999999432e+01
4.399999999999999289e+01
4.399999999999999289e+01
4.399999999999999289e+01
4.399999999999999289e+01
4.399999999999999289e+01
4.399999999999999289e+01
4.399999999999999289e+01
4.399999999999999289e+01
4.399999999999999289e+01
4.399999999999999289e+01
4.399999999999999289e+01
4.399999999999999289e+01
4.399999999999999289e+01
4.399999999999999289e+01
4.399999999999999289e+01
4.399999999999999289e+01
4.399999999999999289e+01
4.399999999999999289e+01
4.399999999999999289e+01
4.399999999999999289e+01
4.399999999999999289e+01
4.399999999999999289e+01
4.399999999999999289e+01
4.399999999999999289e+01
4.399999999999999289e+01
4.399999999999999289e+01
4.399999999999999289e+01
4.399999999999999289e+01
4.399999999999999289e+01
4.399999999999999289e+01
4.399999999999999289e+01
3.960000000000000142e+01
3.520000000000000284e+01
3.080000000000000426e+01
2.640000000000000213e+01
