2.000000000000000000e+01
2.400000000000000000e+01
2.800000000000000000e+01
3.200000000000000000e+01
3.600000000000000000e+01
4.000000000000000000e+01
4.000000000000000000e+01
4.000000000000000000e+01
4.000000000000000000e+01
4.000000000000000000e+01
4.000000000000000000e+01
4.000000000000000000e+01
4.000000000000000000e+01
4.000000000000000000e+01
3.979999999999999716e+01
3.959999999999999432e+01
3.939999999999999858e+01
3.919999999999999574e+01
3.900000000000000000e+01
3.879999999999999716e+01
3.860000000000000142e+01
3.839999999999999858e+01
3.820000000000000284e+01
3.800000000000000000e+01
3.800000000000000000e+01
3.800000000000000000e+01
3.800000000000000000e+01
3.800000000000000000e+01
3.800000000000000000e+01
3.800000000000000000e+01
3.800000000000000000e+01
3.800000000000000000e+01
3.780000000000000426e+01
3.760000000000000142e+01
3.740000000000000568e+01
3.720000000000000284e+01
3.700000000000000711e+01
3.680000000000000426e+01
3.660000000000000853e+01
3.640000000000000568e+01
3.620000000000000284e+01
3.600000000000000711e+01
3.600000000000000711e+01
3.600000000000000711e+01
3.600000000000000711e+01
3.600000000000000711e+01
3.600000000000000711e+01
3.600000000000000711e+01
3.600000000000000711e+01
3.600000000000000711e+01
3.470000000000000284e+01
3.230000000000000426e+01
2.990000000000000213e+01
2.750000000000000000e+01
2.509999999999999787e+01
2.269999999999999574e+01
2.029999999999999716e+01
1.769999999999999574e+01
1.509999999999999787e+01
1.250000000000000000e+01
1.120000000000000107e+01
1.100000000000000000e+01
1.080000000000000071e+01
1.040000000000000213e+01
1.000000000000000178e+01
9.600000000000001421e+00
9.200000000000001066e+00
9.000000000000000000e+00
8.799999999999998934e+00
8.599999999999999645e+00
8.399999999999998579e+00
8.199999999999999289e+00
7.999999999999999112e+00
7.999999999999999112e+00
7.999999999999999112e+00
7.999999999999999112e+00
7.999999999999999112e+00
7.999999999999999112e+00
7.999999999999999112e+00
7.999999999999999112e+00
7.999999999999999112e+00
7.999999999999999112e+00
7.999999999999999112e+00
7.999999999999999112e+00
7.999999999999999112e+00
7.999999999999999112e+00
7.999999999999999112e+00
7.999999999999999112e+00
7.999999999999999112e+00
7.999999999999999112e+00
7.999999999999999112e+00
7.999999999999999112e+00
7.799999999999998934e+00
7.599999999999999645e+00
7.399999999999998579e+00
7.199999999999999289e+00
6.999999999999998224e+00
6.799999999999998934e+00
6.599999999999999645e+00
6.399999999999998579e+00
6.199999999999999289e+00
6.000000000000000000e+00
6.000000000000000000e+00
6.000000000000000000e+00
5.800000000000000711e+00
5.600000000000001421e+00
5.400000000000002132e+00
5.200000000000001954e+00
5.000000000000000888e+00
4.800000000000000711e+00
4.600000000000000533e+00
4.399999999999999467e+00
4.199999999999999289e+00
3.999999999999999556e+00
3.999999999999999556e+00
3.999999999999999556e+00
3.999999999999999556e+00
3.999999999999999556e+00
3.999999999999999556e+00
3.999999999999999556e+00
3.999999999999999556e+00
3.999999999999999556e+00
3.999999999999999556e+00
3.999999999999999556e+00
3.999999999999999556e+00
3.999999999999999556e+00
3.999999999999999556e+00
3.799999999999999822e+00
3.600000000000000089e+00
3.400000000000000355e+00
3.200000000000000622e+00
3.000000000000000888e+00
2.800000000000000711e+00
2.600000000000000533e+00
2.399999999999999911e+00
2.199999999999999734e+00
1.799999999999999822e+00
1.599999999999999867e+00
1.399999999999999911e+00
1.199999999999999956e+00
1.000000000000000000e+00
8.000000000000000444e-01
6.000000000000000888e-01
4.000000000000000222e-01
2.000000000000000111e-01
0.000000000000000000e+00
0.000000000000000000e+00
0.000000000000000000e+00
0.000000000000000000e+00
0.000000000000000000e+00
0.000000000000000000e+00
0.000000000000000000e+00
0.000000000000000000e+00
0.000000000000000000e+00
0.000000000000000000e+00
0.000000000000000000e+00
0.000000000000000000e+00
0.000000000000000000e+00
0.000000000000000000e+00
0.000000000000000000e+00
0.000000000000000000e+00
0.000000000000000000e+00
0.000000000000000000e+00
0.000000000000000000e+00
0.000000000000000000e+00
0.000000000000000000e+00
0.000000000000000000e+00
0.000000000000000000e+00
0.000000000000000000e+00
0.000000000000000000e+00
0.000000000000000000e+00
0.000000000000000000e+00
0.000000000000000000e+00
0.000000000000000000e+00
0.000000000000000000e+00
0.000000000000000000e+00
0.000000000000000000e+00
0.000000000000000000e+00
0.000000000000000000e+00
0.000000000000000000e+00
0.000000000000000000e+00
0.000000000000000000e+00
0.000000000000000000e+00
0.000000000000000000e+00
0.000000000000000000e+00
0.000000000000000000e+00
0.000000000000000000e+00
0.000000000000000000e+00
0.000000000000000000e+00
0.000000000000000000e+00
0.000000000000000000e+00
0.000000000000000000e+00
0.000000000000000000e+00
0.000000000000000000e+00
0.000000000000000000e+00
0.000000000000000000e+00
0.000000000000000000e+00
0.000000000000000000e+00
0.000000000000000000e+00
0.000000000000000000e+00
0.000000000000000000e+00
0.000000000000000000e+00
0.000000000000000000e+00
0.000000000000000000e+00
0.000000000000000000e+00
0.000000000000000000e+00
0.000000000000000000e+00
2.000000000000000111e-01
6.000000000000000888e-01
1.000000000000000000e+00
1.399999999999999911e+00
1.799999999999999822e+00
2.199999999999999734e+00
2.799999999999999822e+00
3.399999999999999911e+00
4.000000000000000000e+00
4.799999999999999822e+00
5.400000000000000355e+00
5.799999999999999822e+00
6.200000000000000178e+00
6.599999999999999645e+00
6.999999999999999112e+00
7.599999999999999645e+00
7.999999999999999112e+00
8.399999999999998579e+00
8.800000000000000711e+00
9.000000000000000000e+00
9.199999999999999289e+00
9.600000000000001421e+00
1.000000000000000000e+01
1.039999999999999858e+01
1.160000000000000142e+01
1.260000000000000142e+01
1.360000000000000142e+01
1.500000000000000178e+01
1.640000000000000213e+01
1.780000000000000426e+01
1.920000000000000284e+01
2.039999999999999858e+01
2.160000000000000142e+01
2.279999999999999716e+01
2.319999999999999574e+01
2.360000000000000142e+01
2.400000000000000000e+01
2.400000000000000000e+01
2.400000000000000000e+01
2.420000000000000284e+01
2.440000000000000568e+01
2.440000000000000568e+01
2.460000000000000853e+01
2.480000000000000426e+01
2.500000000000000711e+01
2.520000000000000639e+01
2.540000000000000568e+01
2.560000000000000497e+01
2.580000000000000426e+01
2.580000000000000426e+01
2.580000000000000426e+01
2.580000000000000426e+01
2.560000000000000142e+01
2.539999999999999858e+01
2.539999999999999858e+01
2.540000000000000568e+01
2.540000000000000568e+01
2.560000000000000497e+01
2.580000000000000426e+01
2.600000000000000355e+01
2.660000000000000142e+01
2.739999999999999858e+01
2.780000000000000071e+01
2.820000000000000284e+01
2.840000000000000213e+01
2.860000000000000497e+01
2.960000000000000497e+01
3.040000000000000568e+01
3.120000000000000639e+01
3.240000000000000568e+01
3.320000000000000284e+01
3.400000000000000000e+01
3.539999999999999858e+01
3.680000000000000426e+01
3.820000000000000284e+01
4.020000000000000284e+01
4.139999999999999147e+01
4.259999999999999432e+01
4.400000000000000000e+01
4.500000000000000000e+01
4.600000000000000000e+01
4.700000000000000000e+01
4.779999999999999716e+01
4.860000000000000142e+01
4.940000000000000568e+01
4.960000000000000142e+01
4.979999999999999716e+01
5.000000000000000000e+01
5.000000000000000000e+01
5.000000000000000000e+01
5.000000000000000000e+01
5.000000000000000000e+01
5.000000000000000000e+01
5.000000000000000000e+01
5.000000000000000000e+01
5.000000000000000000e+01
5.000000000000000000e+01
5.000000000000000000e+01
4.979999999999999716e+01
4.959999999999999432e+01
4.939999999999999147e+01
4.919999999999998863e+01
4.900000000000000000e+01
4.879999999999999716e+01
4.859999999999999432e+01
4.839999999999999147e+01
4.820000000000000284e+01
4.800000000000000000e+01
4.800000000000000000e+01
4.800000000000000000e+01
4.800000000000000000e+01
4.800000000000000000e+01
4.800000000000000000e+01
4.800000000000000000e+01
4.800000000000000000e+01
4.800000000000000000e+01
4.800000000000000000e+01
4.800000000000000000e+01
4.800000000000000000e+01
4.800000000000000000e+01
4.800000000000000000e+01
4.800000000000000000e+01
4.800000000000000000e+01
4.800000000000000000e+01
4.800000000000000000e+01
4.800000000000000000e+01
4.800000000000000000e+01
4.800000000000000000e+01
4.800000000000000000e+01
4.800000000000000000e+01
4.800000000000000000e+01
4.800000000000000000e+01
4.800000000000000000e+01
4.320000000000000284e+01
3.840000000000000568e+01
3.360000000000000853e+01
2.880000000000000426e+01
