1.720000000000000284e+01
2.040000000000000213e+01
2.360000000000000142e+01
2.680000000000000426e+01
3.000000000000000000e+01
3.319999999999999574e+01
3.279999999999999716e+01
3.239999999999999858e+01
3.239999999999999858e+01
3.199999999999999645e+01
3.199999999999999645e+01
3.199999999999999645e+01
3.199999999999999645e+01
3.199999999999999645e+01
3.199999999999999645e+01
3.199999999999999645e+01
3.199999999999999645e+01
3.199999999999999645e+01
3.199999999999999645e+01
3.179999999999999716e+01
3.159999999999999787e+01
3.119999999999999929e+01
3.080000000000000071e+01
3.020000000000000284e+01
2.920000000000000284e+01
2.800000000000000355e+01
2.680000000000000071e+01
2.560000000000000142e+01
2.440000000000000213e+01
2.320000000000000284e+01
2.180000000000000426e+01
2.060000000000000497e+01
1.940000000000000568e+01
1.840000000000000213e+01
1.780000000000000071e+01
1.739999999999999858e+01
1.700000000000000000e+01
1.659999999999999787e+01
1.619999999999999929e+01
1.599999999999999822e+01
1.599999999999999822e+01
1.599999999999999822e+01
1.599999999999999822e+01
1.599999999999999822e+01
1.599999999999999822e+01
1.599999999999999822e+01
1.599999999999999822e+01
1.599999999999999822e+01
1.599999999999999822e+01
1.599999999999999822e+01
1.599999999999999822e+01
1.599999999999999822e+01
1.599999999999999822e+01
1.599999999999999822e+01
1.599999999999999822e+01
1.599999999999999822e+01
1.599999999999999822e+01
1.599999999999999822e+01
1.599999999999999822e+01
1.579999999999999893e+01
1.559999999999999964e+01
1.540000000000000036e+01
1.500000000000000000e+01
1.460000000000000142e+01
1.419999999999999929e+01
1.380000000000000071e+01
1.339999999999999858e+01
1.300000000000000000e+01
1.259999999999999787e+01
1.239999999999999858e+01
1.219999999999999929e+01
1.200000000000000000e+01
1.180000000000000071e+01
1.160000000000000142e+01
1.140000000000000213e+01
1.100000000000000178e+01
1.060000000000000142e+01
1.020000000000000284e+01
9.800000000000002487e+00
9.400000000000000355e+00
9.000000000000000000e+00
8.599999999999999645e+00
8.399999999999998579e+00
8.199999999999999289e+00
7.999999999999999112e+00
7.999999999999999112e+00
7.999999999999999112e+00
7.999999999999999112e+00
7.999999999999999112e+00
7.999999999999999112e+00
7.999999999999999112e+00
7.799999999999998934e+00
7.599999999999999645e+00
7.399999999999998579e+00
7.000000000000000000e+00
6.599999999999999645e+00
6.200000000000001066e+00
5.800000000000002487e+00
5.400000000000001243e+00
5.000000000000000888e+00
4.600000000000000533e+00
4.399999999999999467e+00
4.199999999999999289e+00
3.999999999999999556e+00
3.999999999999999556e+00
3.999999999999999556e+00
3.999999999999999556e+00
3.999999999999999556e+00
3.999999999999999556e+00
3.999999999999999556e+00
3.799999999999999822e+00
3.600000000000000089e+00
3.400000000000000355e+00
3.200000000000000622e+00
3.000000000000000888e+00
2.800000000000000711e+00
2.400000000000000355e+00
1.999999999999999778e+00
1.599999999999999867e+00
1.199999999999999956e+00
1.000000000000000000e+00
8.000000000000000444e-01
6.000000000000000888e-01
4.000000000000000222e-01
2.000000000000000111e-01
0.000000000000000000e+00
0.000000000000000000e+00
0.000000000000000000e+00
0.000000000000000000e+00
0.000000000000000000e+00
0.000000000000000000e+00
0.000000000000000000e+00
0.000000000000000000e+00
0.000000000000000000e+00
0.000000000000000000e+00
0.000000000000000000e+00
0.000000000000000000e+00
0.000000000000000000e+00
0.000000000000000000e+00
0.000000000000000000e+00
0.000000000000000000e+00
0.000000000000000000e+00
0.000000000000000000e+00
0.000000000000000000e+00
0.000000000000000000e+00
0.000000000000000000e+00
0.000000000000000000e+00
0.000000000000000000e+00
0.000000000000000000e+00
0.000000000000000000e+00
0.000000000000000000e+00
0.000000000000000000e+00
0.000000000000000000e+00
0.000000000000000000e+00
0.000000000000000000e+00
0.000000000000000000e+00
0.000000000000000000e+00
0.000000000000000000e+00
0.000000000000000000e+00
0.000000000000000000e+00
0.000000000000000000e+00
0.000000000000000000e+00
0.000000000000000000e+00
0.000000000000000000e+00
0.000000000000000000e+00
0.000000000000000000e+00
0.000000000000000000e+00
0.000000000000000000e+00
0.000000000000000000e+00
0.000000000000000000e+00
0.000000000000000000e+00
0.000000000000000000e+00
0.000000000000000000e+00
2.000000000000000111e-01
4.000000000000000222e-01
6.000000000000000888e-01
1.000000000000000000e+00
1.399999999999999911e+00
1.799999999999999822e+00
2.199999999999999734e+00
2.599999999999999645e+00
2.999999999999999556e+00
3.399999999999999467e+00
3.599999999999999645e+00
3.799999999999999378e+00
4.199999999999999289e+00
4.599999999999999645e+00
5.000000000000000000e+00
5.399999999999999467e+00
5.799999999999999822e+00
6.199999999999999289e+00
7.000000000000000000e+00
7.799999999999999822e+00
8.600000000000001421e+00
9.399999999999998579e+00
1.000000000000000000e+01
1.039999999999999858e+01
1.080000000000000071e+01
1.119999999999999929e+01
1.159999999999999787e+01
1.200000000000000000e+01
1.560000000000000142e+01
1.940000000000000213e+01
2.320000000000000284e+01
2.680000000000000071e+01
3.040000000000000213e+01
3.400000000000000000e+01
3.760000000000000853e+01
4.120000000000000284e+01
4.479999999999999716e+01
4.839999999999999147e+01
4.839999999999999147e+01
4.820000000000000284e+01
4.800000000000000000e+01
4.820000000000000284e+01
4.840000000000000568e+01
4.860000000000000853e+01
4.880000000000000426e+01
4.900000000000000000e+01
4.920000000000000284e+01
4.940000000000000568e+01
4.960000000000000142e+01
4.979999999999999716e+01
5.000000000000000000e+01
5.000000000000000000e+01
5.000000000000000000e+01
5.000000000000000000e+01
5.000000000000000000e+01
5.000000000000000000e+01
5.000000000000000000e+01
5.000000000000000000e+01
5.000000000000000000e+01
5.000000000000000000e+01
5.000000000000000000e+01
5.000000000000000000e+01
5.000000000000000000e+01
5.000000000000000000e+01
5.000000000000000000e+01
5.000000000000000000e+01
5.000000000000000000e+01
5.000000000000000000e+01
5.020000000000000284e+01
5.040000000000000568e+01
5.060000000000000853e+01
5.080000000000001137e+01
5.100000000000000711e+01
5.120000000000000995e+01
5.140000000000000568e+01
5.160000000000000853e+01
5.200000000000000000e+01
5.239999999999999858e+01
5.259999999999999432e+01
5.279999999999999716e+01
5.299999999999999289e+01
5.319999999999999574e+01
5.359999999999999432e+01
5.400000000000000000e+01
5.439999999999999858e+01
5.480000000000000426e+01
5.500000000000000711e+01
5.520000000000000995e+01
5.540000000000001279e+01
5.560000000000000853e+01
5.580000000000001137e+01
5.600000000000000711e+01
5.600000000000000711e+01
5.600000000000000711e+01
5.600000000000000711e+01
5.600000000000000711e+01
5.600000000000000711e+01
5.600000000000000711e+01
5.600000000000000711e+01
5.600000000000000711e+01
5.600000000000000711e+01
5.600000000000000711e+01
5.600000000000000711e+01
5.600000000000000711e+01
5.600000000000000711e+01
5.600000000000000711e+01
5.600000000000000711e+01
5.600000000000000711e+01
5.600000000000000711e+01
5.600000000000000711e+01
5.600000000000000711e+01
5.600000000000000711e+01
5.600000000000000711e+01
5.600000000000000711e+01
5.600000000000000711e+01
5.040000000000000568e+01
4.480000000000000426e+01
3.920000000000000284e+01
3.360000000000000142e+01
