2.080000000000000071e+01
2.480000000000000071e+01
2.860000000000000142e+01
3.240000000000000568e+01
3.600000000000000000e+01
3.960000000000000142e+01
3.880000000000000426e+01
3.820000000000000284e+01
3.780000000000000426e+01
3.740000000000000568e+01
3.700000000000000711e+01
3.660000000000000853e+01
3.640000000000000568e+01
3.620000000000000995e+01
3.620000000000000284e+01
3.620000000000000284e+01
3.620000000000000284e+01
3.600000000000000711e+01
3.600000000000000711e+01
3.600000000000000711e+01
3.600000000000000711e+01
3.570000000000000284e+01
3.510000000000000142e+01
3.450000000000000000e+01
3.390000000000000568e+01
3.310000000000000142e+01
3.229999999999999716e+01
3.150000000000000355e+01
3.070000000000000284e+01
2.990000000000000213e+01
2.910000000000000497e+01
2.860000000000000497e+01
2.840000000000000568e+01
2.820000000000000639e+01
2.800000000000000355e+01
2.800000000000000355e+01
2.800000000000000355e+01
2.800000000000000355e+01
2.800000000000000355e+01
2.800000000000000355e+01
2.800000000000000355e+01
2.800000000000000355e+01
2.800000000000000355e+01
2.800000000000000355e+01
2.800000000000000355e+01
2.800000000000000355e+01
2.800000000000000355e+01
2.800000000000000355e+01
2.800000000000000355e+01
2.840000000000000213e+01
2.880000000000000071e+01
2.900000000000000000e+01
2.900000000000000000e+01
2.900000000000000355e+01
2.920000000000000284e+01
2.920000000000000284e+01
2.920000000000000284e+01
2.920000000000000284e+01
2.920000000000000284e+01
2.840000000000000568e+01
2.710000000000000142e+01
2.570000000000000284e+01
2.450000000000000711e+01
2.330000000000000426e+01
2.190000000000000568e+01
2.070000000000000284e+01
1.950000000000000355e+01
1.830000000000000071e+01
1.709999999999999787e+01
1.629999999999999716e+01
1.599999999999999822e+01
1.599999999999999822e+01
1.599999999999999822e+01
1.599999999999999822e+01
1.599999999999999822e+01
1.599999999999999822e+01
1.599999999999999822e+01
1.599999999999999822e+01
1.599999999999999822e+01
1.579999999999999893e+01
1.559999999999999964e+01
1.540000000000000036e+01
1.520000000000000107e+01
1.480000000000000071e+01
1.440000000000000213e+01
1.400000000000000000e+01
1.359999999999999787e+01
1.319999999999999929e+01
1.279999999999999716e+01
1.259999999999999787e+01
1.219999999999999929e+01
1.180000000000000071e+01
1.140000000000000213e+01
1.100000000000000178e+01
1.060000000000000142e+01
1.020000000000000284e+01
9.800000000000002487e+00
9.400000000000000355e+00
9.000000000000000000e+00
8.599999999999999645e+00
8.399999999999998579e+00
8.199999999999999289e+00
7.999999999999999112e+00
7.999999999999999112e+00
7.999999999999999112e+00
7.999999999999999112e+00
7.999999999999999112e+00
7.999999999999999112e+00
7.799999999999998934e+00
7.599999999999999645e+00
7.399999999999998579e+00
7.199999999999999289e+00
6.999999999999998224e+00
6.799999999999998934e+00
6.599999999999999645e+00
6.199999999999999289e+00
5.800000000000000711e+00
5.400000000000002132e+00
5.200000000000001954e+00
5.000000000000000888e+00
4.800000000000000711e+00
4.600000000000000533e+00
4.399999999999999467e+00
4.199999999999999289e+00
3.999999999999999556e+00
3.999999999999999556e+00
3.999999999999999556e+00
3.999999999999999556e+00
3.999999999999999556e+00
3.999999999999999556e+00
3.799999999999999822e+00
3.600000000000000089e+00
3.400000000000000355e+00
3.200000000000000622e+00
2.800000000000000711e+00
2.400000000000000355e+00
2.000000000000000000e+00
1.599999999999999867e+00
1.199999999999999956e+00
8.000000000000000444e-01
6.000000000000000888e-01
4.000000000000000222e-01
2.000000000000000111e-01
0.000000000000000000e+00
0.000000000000000000e+00
0.000000000000000000e+00
0.000000000000000000e+00
0.000000000000000000e+00
0.000000000000000000e+00
0.000000000000000000e+00
0.000000000000000000e+00
0.000000000000000000e+00
0.000000000000000000e+00
0.000000000000000000e+00
0.000000000000000000e+00
0.000000000000000000e+00
0.000000000000000000e+00
0.000000000000000000e+00
0.000000000000000000e+00
0.000000000000000000e+00
0.000000000000000000e+00
0.000000000000000000e+00
0.000000000000000000e+00
0.000000000000000000e+00
0.000000000000000000e+00
0.000000000000000000e+00
0.000000000000000000e+00
0.000000000000000000e+00
0.000000000000000000e+00
0.000000000000000000e+00
0.000000000000000000e+00
0.000000000000000000e+00
0.000000000000000000e+00
0.000000000000000000e+00
0.000000000000000000e+00
0.000000000000000000e+00
0.000000000000000000e+00
0.000000000000000000e+00
0.000000000000000000e+00
0.000000000000000000e+00
0.000000000000000000e+00
0.000000000000000000e+00
0.000000000000000000e+00
0.000000000000000000e+00
0.000000000000000000e+00
0.000000000000000000e+00
0.000000000000000000e+00
0.000000000000000000e+00
0.000000000000000000e+00
0.000000000000000000e+00
0.000000000000000000e+00
0.000000000000000000e+00
0.000000000000000000e+00
0.000000000000000000e+00
0.000000000000000000e+00
0.000000000000000000e+00
0.000000000000000000e+00
0.000000000000000000e+00
0.000000000000000000e+00
0.000000000000000000e+00
0.000000000000000000e+00
0.000000000000000000e+00
2.000000000000000111e-01
4.000000000000000222e-01
6.000000000000000888e-01
8.000000000000000444e-01
1.000000000000000000e+00
1.199999999999999956e+00
1.399999999999999911e+00
1.599999999999999867e+00
2.000000000000000000e+00
2.399999999999999911e+00
2.599999999999999645e+00
2.799999999999999822e+00
2.999999999999999556e+00
3.199999999999999734e+00
3.399999999999999467e+00
3.599999999999999645e+00
3.799999999999999378e+00
3.999999999999999556e+00
3.999999999999999556e+00
3.999999999999999556e+00
3.999999999999999556e+00
3.999999999999999556e+00
3.999999999999999556e+00
3.999999999999999556e+00
3.999999999999999556e+00
4.399999999999999467e+00
4.799999999999999822e+00
5.399999999999999467e+00
6.000000000000000000e+00
6.799999999999999822e+00
8.300000000000000711e+00
1.080000000000000071e+01
1.400000000000000178e+01
1.760000000000000142e+01
2.120000000000000284e+01
2.439999999999999858e+01
2.760000000000000142e+01
3.060000000000000142e+01
3.360000000000000142e+01
3.639999999999999858e+01
3.870000000000000284e+01
4.000000000000000711e+01
4.060000000000000853e+01
4.100000000000000000e+01
4.139999999999999858e+01
4.179999999999999716e+01
4.239999999999999858e+01
4.300000000000000000e+01
4.379999999999999716e+01
4.459999999999999432e+01
4.520000000000000284e+01
4.579999999999999716e+01
4.639999999999999147e+01
4.679999999999999716e+01
4.720000000000000284e+01
4.759999999999999432e+01
4.800000000000000000e+01
4.840000000000000568e+01
4.880000000000001137e+01
4.920000000000000995e+01
4.960000000000000853e+01
5.000000000000001421e+01
5.040000000000001279e+01
5.080000000000001137e+01
5.140000000000000568e+01
5.200000000000000000e+01
5.259999999999999432e+01
5.320000000000000284e+01
5.360000000000000142e+01
5.400000000000000711e+01
5.440000000000000568e+01
5.480000000000001137e+01
5.520000000000000995e+01
5.560000000000000853e+01
5.580000000000001137e+01
5.600000000000000711e+01
5.600000000000000711e+01
5.600000000000000711e+01
5.600000000000000711e+01
5.600000000000000711e+01
5.600000000000000711e+01
5.600000000000000711e+01
5.600000000000000711e+01
5.600000000000000711e+01
5.600000000000000711e+01
5.600000000000000711e+01
5.600000000000000711e+01
5.600000000000000711e+01
5.600000000000000711e+01
5.600000000000000711e+01
5.600000000000000711e+01
5.600000000000000711e+01
5.600000000000000711e+01
5.600000000000000711e+01
5.600000000000000711e+01
5.600000000000000711e+01
5.600000000000000711e+01
5.600000000000000711e+01
5.600000000000000711e+01
5.600000000000000711e+01
5.600000000000000711e+01
5.600000000000000711e+01
5.600000000000000711e+01
5.600000000000000711e+01
5.600000000000000711e+01
5.600000000000000711e+01
5.600000000000000711e+01
5.600000000000000711e+01
5.600000000000000711e+01
5.600000000000000711e+01
5.600000000000000711e+01
5.600000000000000711e+01
5.600000000000000711e+01
5.600000000000000711e+01
5.600000000000000711e+01
5.600000000000000711e+01
5.600000000000000711e+01
5.600000000000000711e+01
5.600000000000000711e+01
5.600000000000000711e+01
5.600000000000000711e+01
5.600000000000000711e+01
5.600000000000000711e+01
5.600000000000000711e+01
5.600000000000000711e+01
5.600000000000000711e+01
5.600000000000000711e+01
5.600000000000000711e+01
5.600000000000000711e+01
5.600000000000000711e+01
5.600000000000000711e+01
5.600000000000000711e+01
5.600000000000000711e+01
5.600000000000000711e+01
5.600000000000000711e+01
5.600000000000000711e+01
5.600000000000000711e+01
5.600000000000000711e+01
5.040000000000000568e+01
4.480000000000000426e+01
3.920000000000000284e+01
3.360000000000000142e+01
