Ours		[0.         0.43333333 0.76190476 0.93333333 0.98571429 0.99047619 0.9952381 ]
XYZ		[0.         0.22380952 0.50952381 0.78095238 0.93809524 0.98571429 0.9952381 ]
XXY		[0.         0.34285714 0.61428571 0.77142857 0.89047619 0.96666667 1.        ]
Random forest	[0.         0.4047619  0.68095238 0.80952381 0.9047619  0.97142857 0.99047619]
Random forest pca[0.         0.42380952 0.69047619 0.79047619 0.91428571 0.97619048 0.9952381 ]

Ours
0.2348

random forest
0.2114

ramdom forest pca
0.2147

XYZ
0.1746

XXY
0.1701
